date: '2025-07-30 16:45:44'
num_seeds: 3
test/downstream: 0.5726000070571899
test/downstream-std: 0.003942080114892855
test/loss: 3.612935463587443
test/loss-std: 0.0036295016223029165
test/loss_labels: 2.2313807010650635
test/loss_labels-std: 0.0032387176854496895
test/loss_log_amount: 0.8176036278406779
test/loss_log_amount-std: 0.0002515142195869676
test/loss_timestamps: 0.5639504392941793
test/loss_timestamps-std: 0.00017920990872531377
val/downstream: 0.5812333226203918
val/downstream-std: 0.00392626829666956
val/loss: 3.605678160985311
val/loss-std: 0.0032250225690557137
val/loss_labels: 2.224592844645182
val/loss_labels-std: 0.0028874118737812686
val/loss_log_amount: 0.8173750042915344
val/loss_log_amount-std: 0.00023550794574681643
val/loss_timestamps: 0.5637107491493225
val/loss_timestamps-std: 0.0001569357887188889
