date: '2025-07-31 21:12:23'
num_seeds: 3
test/downstream: 0.6001666784286499
test/downstream-std: 0.002969095848621512
test/loss: 3.611762762069702
test/loss-std: 0.0012223914387133755
test/loss_labels: 2.230561097462972
test/loss_labels-std: 0.0007858512017400822
test/loss_log_amount: 0.8174782594045004
test/loss_log_amount-std: 0.0004092987675186339
test/loss_timestamps: 0.5637235840161642
test/loss_timestamps-std: 6.682972313382327e-05
val/downstream: 0.5994000236193339
val/downstream-std: 0.0024913177649975673
val/loss: 3.604280153910319
val/loss-std: 0.0011779841031182622
val/loss_labels: 2.223634401957194
val/loss_labels-std: 0.0007418031888591956
val/loss_log_amount: 0.8171683351198832
val/loss_log_amount-std: 0.0004277190057918061
val/loss_timestamps: 0.5634774565696716
val/loss_timestamps-std: 5.4742401914774653e-05
