date: '2025-07-30 16:46:38'
num_seeds: 3
test/downstream: 0.6013000011444092
test/downstream-std: 0.00325370739683496
test/loss: 3.6324210166931152
test/loss-std: 0.011600086780293457
test/loss_labels: 2.2468106746673584
test/loss_labels-std: 0.008746830220025072
test/loss_log_amount: 0.8203264673550924
test/loss_log_amount-std: 0.001897830938037502
test/loss_timestamps: 0.565284013748169
test/loss_timestamps-std: 0.0009610170906433548
val/downstream: 0.6035666664441427
val/downstream-std: 0.0017133542402225075
val/loss: 3.6251880327860513
val/loss-std: 0.011748761660446307
val/loss_labels: 2.239962577819824
val/loss_labels-std: 0.008922310928302373
val/loss_log_amount: 0.8202325105667114
val/loss_log_amount-std: 0.0019192546130372195
val/loss_timestamps: 0.5649932026863098
val/loss_timestamps-std: 0.0009121864769213548
