date: '2025-07-30 17:09:19'
num_seeds: 3
test/accuracy-target: 0.28200000524520874
test/accuracy-target-std: 0.03783101597148018
test/batch-accuracy-target: 0.28200000524520874
test/batch-accuracy-target-std: 0.03783101597148018
test/downstream: 0.6380000114440918
test/downstream-std: 0.007119469284959093
test/loss: 1.439780632654826
test/loss-std: 0.06974520869585973
test/loss_target: 1.439780632654826
test/loss_target-std: 0.06974520869585973
val/accuracy-target: 0.2818271617094676
val/accuracy-target-std: 0.03156269767312882
val/batch-accuracy-target: 0.2818271617094676
val/batch-accuracy-target-std: 0.03156269767312882
val/downstream: 0.6355999906857809
val/downstream-std: 0.0056645205746336524
val/loss: 1.434122125307719
val/loss-std: 0.06601822379758707
val/loss_target: 1.434122125307719
val/loss_target-std: 0.06601822379758707
