date: '2025-07-31 22:03:09'
num_seeds: 3
test/accuracy-target: 0.6331110994021097
test/accuracy-target-std: 0.0020427453557270046
test/batch-accuracy-target: 0.6331110994021097
test/batch-accuracy-target-std: 0.0020427453557270046
test/downstream: 0.644599994023641
test/downstream-std: 0.002557330888479911
test/loss: 0.8267121116320292
test/loss-std: 0.009058015342225221
test/loss_target: 0.8267121116320292
test/loss_target-std: 0.009058015342225221
val/accuracy-target: 0.6405432224273682
val/accuracy-target-std: 0.00585429151604453
val/batch-accuracy-target: 0.6405432224273682
val/batch-accuracy-target-std: 0.00585429151604453
val/downstream: 0.6390666564305624
val/downstream-std: 0.005873278093097757
val/loss: 0.8141541481018066
val/loss-std: 0.008675846909583552
val/loss_target: 0.8141541481018066
val/loss_target-std: 0.008675846909583552
