date: '2025-07-30 17:13:31'
num_seeds: 3
test/accuracy-target: 0.2532222221295039
test/accuracy-target-std: 0.013121469207895885
test/batch-accuracy-target: 0.2532222221295039
test/batch-accuracy-target-std: 0.013121469207895885
test/downstream: 0.6413666804631551
test/downstream-std: 0.0023976855708269513
test/loss: 1.495415727297465
test/loss-std: 0.04449655124890715
test/loss_target: 1.495415727297465
test/loss_target-std: 0.04449655124890715
val/accuracy-target: 0.24671604732672373
val/accuracy-target-std: 0.0020611027898379103
val/batch-accuracy-target: 0.24671604732672373
val/batch-accuracy-target-std: 0.0020611027898379103
val/downstream: 0.6373999913533529
val/downstream-std: 0.004336667553910017
val/loss: 1.4959882100423176
val/loss-std: 0.04488141296328302
val/loss_target: 1.4959882100423176
val/loss_target-std: 0.04488141296328302
