date: '2025-07-31 22:05:38'
num_seeds: 3
test/accuracy-target: 0.6334444483121237
test/accuracy-target-std: 0.00479454849248511
test/batch-accuracy-target: 0.6334444483121237
test/batch-accuracy-target-std: 0.00479454849248511
test/downstream: 0.6450999975204468
test/downstream-std: 0.0032124669767608647
test/loss: 0.829425593217214
test/loss-std: 0.0048755547930542315
test/loss_target: 0.829425593217214
test/loss_target-std: 0.0048755547930542315
val/accuracy-target: 0.6334321101506551
val/accuracy-target-std: 0.007627665521288219
val/batch-accuracy-target: 0.6334321101506551
val/batch-accuracy-target-std: 0.007627665521288219
val/downstream: 0.6382333437601725
val/downstream-std: 0.005741264806279541
val/loss: 0.8235744833946228
val/loss-std: 0.0133418508161437
val/loss_target: 0.8235744833946228
val/loss_target-std: 0.0133418508161437
