date: '2025-07-31 20:46:29'
num_seeds: 3
test/downstream: 0.5989000201225281
test/downstream-std: 0.0017962985516811827
test/loss: 3.6091789404551187
test/loss-std: 0.004310361274963296
test/loss_labels: 2.2286051909128823
test/loss_labels-std: 0.0036841037730262136
test/loss_log_amount: 0.8169627785682678
test/loss_log_amount-std: 0.00035048682992414146
test/loss_timestamps: 0.5636117060979208
test/loss_timestamps-std: 0.00029875329055470884
val/downstream: 0.5942333340644836
val/downstream-std: 0.0007586679302627696
val/loss: 3.6017882029215493
val/loss-std: 0.004121903429193767
val/loss_labels: 2.2217028935750327
val/loss_labels-std: 0.0035117631898291817
val/loss_log_amount: 0.8166890939076742
val/loss_log_amount-std: 0.0003219828799717922
val/loss_timestamps: 0.5633957783381144
val/loss_timestamps-std: 0.00030065306537914666
