date: '2025-07-30 16:19:55'
num_seeds: 3
test/accuracy-target: 0.29366666078567505
test/accuracy-target-std: 0.02801586406941714
test/batch-accuracy-target: 0.29366666078567505
test/batch-accuracy-target-std: 0.02801586406941714
test/downstream: 0.636900007724762
test/downstream-std: 0.0038609178383080217
test/loss: 1.4124828974405925
test/loss-std: 0.02815496546769255
test/loss_target: 1.4124828974405925
test/loss_target-std: 0.02815496546769255
val/accuracy-target: 0.2839999943971634
val/accuracy-target-std: 0.034958779289593594
val/batch-accuracy-target: 0.2839999943971634
val/batch-accuracy-target-std: 0.034958779289593594
val/downstream: 0.6376666824022929
val/downstream-std: 0.0008993859469018458
val/loss: 1.4099854230880737
val/loss-std: 0.024764844956062876
val/loss_target: 1.4099854230880737
val/loss_target-std: 0.024764844956062876
