date: '2025-07-30 17:10:42'
num_seeds: 3
test/accuracy-target: 0.2990000049273173
test/accuracy-target-std: 0.03786037297383371
test/batch-accuracy-target: 0.2990000049273173
test/batch-accuracy-target-std: 0.03786037297383371
test/downstream: 0.6372999946276346
test/downstream-std: 0.0017378058368313503
test/loss: 1.4643149375915527
test/loss-std: 0.016459742182609108
test/loss_target: 1.4643149375915527
test/loss_target-std: 0.016459742182609108
val/accuracy-target: 0.30167901515960693
val/accuracy-target-std: 0.036454548355981595
val/batch-accuracy-target: 0.30167901515960693
val/batch-accuracy-target-std: 0.036454548355981595
val/downstream: 0.6393666466077169
val/downstream-std: 0.003724992573708982
val/loss: 1.4638920227686565
val/loss-std: 0.020262121554074402
val/loss_target: 1.4638920227686565
val/loss_target-std: 0.020262121554074402
