date: '2025-07-31 22:05:13'
num_seeds: 3
test/accuracy-target: 0.6363333264986674
test/accuracy-target-std: 0.006599662616724867
test/batch-accuracy-target: 0.6363333264986674
test/batch-accuracy-target-std: 0.006599662616724867
test/downstream: 0.6446000138918558
test/downstream-std: 0.002039615056013655
test/loss: 0.8168715039889017
test/loss-std: 0.005089105478652364
test/loss_target: 0.8168715039889017
test/loss_target-std: 0.005089105478652364
val/accuracy-target: 0.6451851924260458
val/accuracy-target-std: 0.0035699227962468468
val/batch-accuracy-target: 0.6451851924260458
val/batch-accuracy-target-std: 0.0035699227962468468
val/downstream: 0.6447666684786478
val/downstream-std: 0.0065637071035249284
val/loss: 0.8059934576352438
val/loss-std: 0.0048950828815744205
val/loss_target: 0.8059934576352438
val/loss_target-std: 0.0048950828815744205
