date: '2025-07-31 21:37:28'
num_seeds: 3
test/accuracy-target: 0.6443333427111307
test/accuracy-target-std: 0.004277404262449975
test/batch-accuracy-target: 0.6443333427111307
test/batch-accuracy-target-std: 0.004277404262449975
test/downstream: 0.6438999970753988
test/downstream-std: 0.0005354272430397568
test/loss: 0.8517825603485107
test/loss-std: 0.05785858808260313
test/loss_target: 0.8517825603485107
test/loss_target-std: 0.05785858808260313
val/accuracy-target: 0.6432592670122782
val/accuracy-target-std: 0.005141978059342477
val/batch-accuracy-target: 0.6432592670122782
val/batch-accuracy-target-std: 0.005141978059342477
val/downstream: 0.6427333156267802
val/downstream-std: 0.0022881353249959826
val/loss: 0.8337744871775309
val/loss-std: 0.04688663834804607
val/loss_target: 0.8337744871775309
val/loss_target-std: 0.04688663834804607
