date: '2025-07-31 22:28:26'
num_seeds: 3
test/accuracy-target: 0.6382222175598145
test/accuracy-target-std: 0.006646262660478034
test/batch-accuracy-target: 0.6382222175598145
test/batch-accuracy-target-std: 0.006646262660478034
test/downstream: 0.644599974155426
test/downstream-std: 0.001823913942586549
test/loss: 0.8179973363876343
test/loss-std: 0.010496712471727909
test/loss_target: 0.8179973363876343
test/loss_target-std: 0.010496712471727909
val/accuracy-target: 0.6393580039342245
val/accuracy-target-std: 0.0018830309743810081
val/batch-accuracy-target: 0.6393580039342245
val/batch-accuracy-target-std: 0.0018830309743810081
val/downstream: 0.643666684627533
val/downstream-std: 0.003137231842850591
val/loss: 0.8062611222267151
val/loss-std: 0.005545055843915218
val/loss_target: 0.8062611222267151
val/loss_target-std: 0.005545055843915218
