date: '2025-07-30 17:14:18'
num_seeds: 3
test/accuracy-target: 0.27266666293144226
test/accuracy-target-std: 0.02180894046180291
test/batch-accuracy-target: 0.27266666293144226
test/batch-accuracy-target-std: 0.02180894046180291
test/downstream: 0.6377999981244405
test/downstream-std: 0.0029877684426477913
test/loss: 1.5509741306304932
test/loss-std: 0.05013471632393239
test/loss_target: 1.5509741306304932
test/loss_target-std: 0.05013471632393239
val/accuracy-target: 0.27412345508734387
val/accuracy-target-std: 0.029616124787870658
val/batch-accuracy-target: 0.27412345508734387
val/batch-accuracy-target-std: 0.029616124787870658
val/downstream: 0.638866643110911
val/downstream-std: 0.0043399981508793935
val/loss: 1.5420506795247395
val/loss-std: 0.0477859971140135
val/loss_target: 1.5420506795247395
val/loss_target-std: 0.0477859971140135
