date: '2025-07-25 06:49:16'
num_seeds: 3
test/downstream: 0.5989999969800314
test/downstream-std: 0.003741662314502678
test/loss: 3.611764589945475
test/loss-std: 0.0012218017826694384
test/loss_labels: 2.2305616537729898
test/loss_labels-std: 0.0007858035565877043
test/loss_log_amount: 0.817478358745575
test/loss_log_amount-std: 0.0004088216700001917
test/loss_timestamps: 0.5637249151865641
test/loss_timestamps-std: 6.650714528433864e-05
val/downstream: 0.6026666561762491
val/downstream-std: 0.0009427969032896923
val/loss: 3.6042819817860923
val/loss-std: 0.001176183271956149
val/loss_labels: 2.2236350377400718
val/loss_labels-std: 0.000741869955000834
val/loss_log_amount: 0.8171682556470236
val/loss_log_amount-std: 0.00042669211414263485
val/loss_timestamps: 0.563478688398997
val/loss_timestamps-std: 5.447117430565283e-05
