date: '2025-07-30 16:48:19'
num_seeds: 3
test/downstream: 0.6034999887148539
test/downstream-std: 0.0019646724817557653
test/loss: 3.610463301340739
test/loss-std: 0.0047318536239728615
test/loss_labels: 2.229344447453817
test/loss_labels-std: 0.004300321670566466
test/loss_log_amount: 0.8173811634381613
test/loss_log_amount-std: 0.0001232842540120818
test/loss_timestamps: 0.5637381076812744
test/loss_timestamps-std: 0.000340520885236756
val/downstream: 0.6026666561762491
val/downstream-std: 0.0020725652717253503
val/loss: 3.6030684312184653
val/loss-std: 0.004604578704706423
val/loss_labels: 2.2223514715830484
val/loss_labels-std: 0.004176942075261504
val/loss_log_amount: 0.817219098409017
val/loss_log_amount-std: 0.00013669776874606441
val/loss_timestamps: 0.5634975433349609
val/loss_timestamps-std: 0.0003529193013702903
