date: '2025-07-31 20:42:23'
num_seeds: 3
test/downstream: 0.5931999882062277
test/downstream-std: 0.0013490781839413093
test/loss: 3.608832756678263
test/loss-std: 0.0022268713948990493
test/loss_labels: 2.228141943613688
test/loss_labels-std: 0.0019543169652399403
test/loss_log_amount: 0.8171546260515848
test/loss_log_amount-std: 0.00018056085936015388
test/loss_timestamps: 0.5635361671447754
test/loss_timestamps-std: 0.00013002632695425367
val/downstream: 0.5893999934196472
val/downstream-std: 0.002222612497343513
val/loss: 3.6013078689575195
val/loss-std: 0.002086296195337185
val/loss_labels: 2.2211438020070395
val/loss_labels-std: 0.001909575258730466
val/loss_log_amount: 0.8168761730194092
val/loss_log_amount-std: 6.064205578611538e-05
val/loss_timestamps: 0.5632880528767904
val/loss_timestamps-std: 0.00014300996741774299
