date: '2025-07-30 16:17:30'
num_seeds: 3
test/accuracy-target: 0.2621111124753952
test/accuracy-target-std: 0.014697777808006341
test/batch-accuracy-target: 0.2621111124753952
test/batch-accuracy-target-std: 0.014697777808006341
test/downstream: 0.6307666699091593
test/downstream-std: 0.0012391581164930155
test/loss: 1.4709434111913045
test/loss-std: 0.014472535333730753
test/loss_target: 1.4709434111913045
test/loss_target-std: 0.014472535333730753
val/accuracy-target: 0.2571851859490077
val/accuracy-target-std: 0.009158868157028374
val/batch-accuracy-target: 0.2571851859490077
val/batch-accuracy-target-std: 0.009158868157028374
val/downstream: 0.6359000205993652
val/downstream-std: 0.0010197977868297682
val/loss: 1.4710676670074463
val/loss-std: 0.01392171044190381
val/loss_target: 1.4710676670074463
val/loss_target-std: 0.01392171044190381
