date: '2025-07-30 17:09:15'
num_seeds: 3
test/accuracy-target: 0.2720000048478444
test/accuracy-target-std: 0.013670737734044083
test/batch-accuracy-target: 0.2720000048478444
test/batch-accuracy-target-std: 0.013670737734044083
test/downstream: 0.6390000184377035
test/downstream-std: 0.0015641739751516375
test/loss: 1.4802549680074055
test/loss-std: 0.02006568002621822
test/loss_target: 1.4802549680074055
test/loss_target-std: 0.02006568002621822
val/accuracy-target: 0.25683950384457904
val/accuracy-target-std: 0.01637705640923858
val/batch-accuracy-target: 0.25683950384457904
val/batch-accuracy-target-std: 0.01637705640923858
val/downstream: 0.6379999915758768
val/downstream-std: 0.0024779053958399375
val/loss: 1.4773711363474529
val/loss-std: 0.0202362458152575
val/loss_target: 1.4773711363474529
val/loss_target-std: 0.0202362458152575
