date: '2025-07-30 16:23:48'
num_seeds: 3
test/accuracy-target: 0.26322221755981445
test/accuracy-target-std: 0.0012570719036859254
test/batch-accuracy-target: 0.26322221755981445
test/batch-accuracy-target-std: 0.0012570719036859254
test/downstream: 0.6395333409309387
test/downstream-std: 0.005324358520133258
test/loss: 1.4788013696670532
test/loss-std: 0.09944585336093807
test/loss_target: 1.4788013696670532
test/loss_target-std: 0.09944585336093807
val/accuracy-target: 0.2457283933957418
val/accuracy-target-std: 0.0007682176322828173
val/batch-accuracy-target: 0.2457283933957418
val/batch-accuracy-target-std: 0.0007682176322828173
val/downstream: 0.6361666719118754
val/downstream-std: 0.0016779441492304232
val/loss: 1.4772204558054607
val/loss-std: 0.09902895562888223
val/loss_target: 1.4772204558054607
val/loss_target-std: 0.09902895562888223
