date: '2025-07-30 16:24:08'
num_seeds: 3
test/accuracy-target: 0.26233333349227905
test/accuracy-target-std: 0.0
test/batch-accuracy-target: 0.26233333349227905
test/batch-accuracy-target-std: 0.0
test/downstream: 0.637666662534078
test/downstream-std: 0.003348948755040161
test/loss: 1.5932118495305378
test/loss-std: 0.06553174160606996
test/loss_target: 1.5932118495305378
test/loss_target-std: 0.06553174160606996
val/accuracy-target: 0.24518518149852753
val/accuracy-target-std: 0.0
val/batch-accuracy-target: 0.24518518149852753
val/batch-accuracy-target-std: 0.0
val/downstream: 0.6330333352088928
val/downstream-std: 0.001673993877354923
val/loss: 1.5959203640619914
val/loss-std: 0.06820115947718391
val/loss_target: 1.5959203640619914
val/loss_target-std: 0.06820115947718391
