date: '2025-07-30 17:31:17'
num_seeds: 3
test/accuracy-target: 0.2541111061970393
test/accuracy-target-std: 0.013803739595130121
test/batch-accuracy-target: 0.2541111061970393
test/batch-accuracy-target-std: 0.013803739595130121
test/downstream: 0.6373666524887085
test/downstream-std: 0.0001885650002377399
test/loss: 1.5309851964314778
test/loss-std: 0.05861860572588983
test/loss_target: 1.5309851964314778
test/loss_target-std: 0.05861860572588983
val/accuracy-target: 0.24790123601754507
val/accuracy-target-std: 0.0019442028076458392
val/batch-accuracy-target: 0.24790123601754507
val/batch-accuracy-target-std: 0.0019442028076458392
val/downstream: 0.6412000060081482
val/downstream-std: 0.00304740106410536
val/loss: 1.5304383039474487
val/loss-std: 0.060198034841957584
val/loss_target: 1.5304383039474487
val/loss_target-std: 0.060198034841957584
