date: '2025-07-31 22:33:50'
num_seeds: 3
test/accuracy-target: 0.6450000206629435
test/accuracy-target-std: 0.004996301293150382
test/batch-accuracy-target: 0.6450000206629435
test/batch-accuracy-target-std: 0.004996301293150382
test/downstream: 0.6439666549364725
test/downstream-std: 0.0010403036615808986
test/loss: 0.8237816691398621
test/loss-std: 0.03248732763746647
test/loss_target: 0.8237816691398621
test/loss_target-std: 0.03248732763746647
val/accuracy-target: 0.6439999938011169
val/accuracy-target-std: 0.002619619428270929
val/batch-accuracy-target: 0.6439999938011169
val/batch-accuracy-target-std: 0.002619619428270929
val/downstream: 0.6442000071207682
val/downstream-std: 0.0014352783860528862
val/loss: 0.8131367564201355
val/loss-std: 0.026541170920511007
val/loss_target: 0.8131367564201355
val/loss_target-std: 0.026541170920511007
