date: '2025-05-19 16:37:59'
test/accuracy-target: 0.9110000133514404
test/batch-accuracy-target: 0.9110000133514404
test/downstream: 0.9259999990463257
test/loss: 0.22499190270900726
test/loss_target: 0.22499190270900726
val/accuracy-target: 0.9129999876022339
val/batch-accuracy-target: 0.9129999876022339
val/downstream: 0.9340000152587891
val/loss: 0.22237151861190796
val/loss_target: 0.22237151861190796
