date: '2025-05-14 10:47:57'
test/downstream: 0.875
test/loss: 86.83031463623047
test/loss_coles: 86.83031463623047
val/downstream: 0.8650000095367432
val/loss: 84.21320343017578
val/loss_coles: 84.21320343017578
