date: '2025-04-29 16:00:01'
test/downstream: 0.8410000205039978
test/loss: 102.50983428955078
test/loss_coles: 102.50983428955078
val/downstream: 0.8330000042915344
val/loss: 100.28215026855469
val/loss_coles: 100.28215026855469
