date: '2025-04-29 17:18:49'
test/downstream: 0.8870000243186951
test/loss: 86.79631042480469
test/loss_coles: 86.79631042480469
val/downstream: 0.871999979019165
val/loss: 84.31737518310547
val/loss_coles: 84.31737518310547
