date: '2025-04-28 18:54:39'
test/accuracy-target: 0.9160000085830688
test/batch-accuracy-target: 0.9160000085830688
test/downstream: 0.9279999732971191
test/loss: 0.24420234560966492
test/loss_target: 0.24420234560966492
val/accuracy-target: 0.9259999990463257
val/batch-accuracy-target: 0.9259999990463257
val/downstream: 0.9350000023841858
val/loss: 0.22735241055488586
val/loss_target: 0.22735241055488586
