date: '2025-04-25 15:44:11'
test/downstream: 0.8740000128746033
test/loss: 4.710949897766113
test/loss_coles: 4.710949897766113
val/downstream: 0.859000027179718
val/loss: 4.845350742340088
val/loss_coles: 4.845350742340088
