date: '2025-05-14 11:03:18'
test/downstream: 0.9200000166893005
test/loss: 108.04911804199219
test/loss_coles: 108.04911804199219
val/downstream: 0.9070000052452087
val/loss: 105.42239379882812
val/loss_coles: 105.42239379882812
