date: '2025-04-28 18:26:02'
test/downstream: 0.8820000290870667
test/loss: 97.81172943115234
test/loss_coles: 97.81172943115234
val/downstream: 0.8679999709129333
val/loss: 96.21475982666016
val/loss_coles: 96.21475982666016
