date: '2025-05-19 16:40:13'
test/accuracy-target: 0.9039999842643738
test/batch-accuracy-target: 0.9039999842643738
test/downstream: 0.9279999732971191
test/loss: 0.3191704750061035
test/loss_target: 0.3191704750061035
val/accuracy-target: 0.9139999747276306
val/batch-accuracy-target: 0.9139999747276306
val/downstream: 0.9240000247955322
val/loss: 0.29110363125801086
val/loss_target: 0.29110363125801086
