date: '2025-05-14 10:56:01'
test/downstream: 0.8740000128746033
test/loss: 96.57315063476562
test/loss_coles: 96.57315063476562
val/downstream: 0.8730000257492065
val/loss: 93.9608383178711
val/loss_coles: 93.9608383178711
