date: '2025-04-25 15:56:36'
test/downstream: 0.7699999809265137
test/loss: 1.0639508962631226
test/loss__presence: 2.0606517864507623e-05
test/loss_labels: 1.0607341527938843
test/loss_timestamps: 0.00319606252014637
test/match_cost_mean: -88.47695922851562
test/match_cost_std: 7.572579383850098
test/max_cost: 108.95713806152344
test/prediction_match_rate: 0.875
test/target_match_rate: 1.0
val/downstream: 0.7829999923706055
val/loss: 1.0515354871749878
val/loss__presence: 1.931428960233461e-05
val/loss_labels: 1.0485868453979492
val/loss_timestamps: 0.002929513342678547
val/match_cost_mean: -88.91985321044922
val/match_cost_std: 7.4467244148254395
val/max_cost: 108.94349670410156
val/prediction_match_rate: 0.875
val/target_match_rate: 1.0
