date: '2025-04-25 16:00:22'
test/downstream: 0.8320000171661377
test/loss: 2.0749993324279785
test/loss__presence: 3.268957152613439e-05
test/loss_labels: 1.0714024305343628
test/loss_next_item_labels: 0.9999678730964661
test/loss_next_item_timestamps: 0.0010008991230279207
test/loss_timestamps: 0.0025958686601370573
test/match_cost_mean: -92.26319122314453
test/match_cost_std: 14.676046371459961
test/max_cost: 107.81074523925781
test/prediction_match_rate: 0.875
test/target_match_rate: 1.0
val/downstream: 0.8180000185966492
val/loss: 2.063755989074707
val/loss__presence: 3.3252239518333226e-05
val/loss_labels: 1.0679759979248047
val/loss_next_item_labels: 0.9916946291923523
val/loss_next_item_timestamps: 0.0011293248971924186
val/loss_timestamps: 0.0029224941972643137
val/match_cost_mean: -92.970458984375
val/match_cost_std: 14.586373329162598
val/max_cost: 105.92522430419922
val/prediction_match_rate: 0.875
val/target_match_rate: 1.0
