date: '2025-05-14 14:03:24'
test/downstream: 0.5440000295639038
test/loss: 0.978724479675293
test/loss_labels: 0.9782775044441223
test/loss_timedeltas: 0.00044696900295093656
val/downstream: 0.5270000100135803
val/loss: 0.9817836880683899
val/loss_labels: 0.981334924697876
val/loss_timedeltas: 0.00044871988939121366
