date: '2025-05-14 13:51:29'
test/downstream: 0.8560000061988831
test/loss: 0.8575907349586487
test/loss_labels: 0.8546099066734314
test/loss_timedeltas: 0.0029809698462486267
val/downstream: 0.8489999771118164
val/loss: 0.857346773147583
val/loss_labels: 0.8544374108314514
val/loss_timedeltas: 0.00290945777669549
