date: '2025-05-14 14:23:01'
test/downstream: 0.8629999756813049
test/loss: 0.9090847969055176
test/loss_labels: 0.9085971713066101
test/loss_timedeltas: 0.0004875079612247646
val/downstream: 0.847000002861023
val/loss: 0.9072585105895996
val/loss_labels: 0.9067682027816772
val/loss_timedeltas: 0.0004904285888187587
