date: '2025-05-14 13:55:38'
test/downstream: 0.8880000114440918
test/loss: 0.9412992000579834
test/loss_labels: 0.9382373094558716
test/loss_timedeltas: 0.003061801427975297
val/downstream: 0.878000020980835
val/loss: 0.9383804202079773
val/loss_labels: 0.9354245066642761
val/loss_timedeltas: 0.002956005511805415
