date: '2025-05-14 15:18:18'
test/downstream: 0.9229999780654907
test/loss: 0.8639386892318726
test/loss_labels: 0.8572835326194763
test/loss_timedeltas: 0.006655131932348013
val/downstream: 0.9150000214576721
val/loss: 0.8641419410705566
val/loss_labels: 0.8576242923736572
val/loss_timedeltas: 0.006517636124044657
