date: '2025-05-14 14:17:24'
test/downstream: 0.5090000033378601
test/loss: 0.9777805805206299
test/loss_labels: 0.9768849611282349
test/loss_timedeltas: 0.0008955423254519701
val/downstream: 0.5230000019073486
val/loss: 0.9818565845489502
val/loss_labels: 0.9809449911117554
val/loss_timedeltas: 0.000911524286493659
