date: '2025-04-24 14:21:54'
test/downstream: 0.8119999766349792
test/loss: 1.0865741968154907
test/loss_labels: 1.0780435800552368
test/loss_timestamps: 0.008530712686479092
val/downstream: 0.8240000009536743
val/loss: 1.074480414390564
val/loss_labels: 1.0659586191177368
val/loss_timestamps: 0.008521669544279575
