date: '2025-04-25 15:47:32'
test/downstream: 0.5759999752044678
test/loss: 0.9919190406799316
test/loss_labels: 0.9856597185134888
test/loss_timestamps: 0.006259301211684942
val/downstream: 0.6010000109672546
val/loss: 0.9837716817855835
val/loss_labels: 0.9773126244544983
val/loss_timestamps: 0.006459109950810671
