date: '2025-06-04 12:23:01'
test/downstream: 0.9089999794960022
test/loss: 0.9705816507339478
test/loss_labels: 0.9514517188072205
test/loss_timestamps: 0.01912989281117916
val/downstream: 0.9179999828338623
val/loss: 0.9758005142211914
val/loss_labels: 0.9566077589988708
val/loss_timestamps: 0.019192755222320557
