date: '2025-04-25 16:42:34'
test/accuracy-target: 0.7200000286102295
test/batch-accuracy-target: 0.7200000286102295
test/downstream: 0.6919999718666077
test/loss: 0.8853201866149902
test/loss_target: 0.8853201866149902
val/accuracy-target: 0.6299999952316284
val/batch-accuracy-target: 0.6299999952316284
val/downstream: 0.6710000038146973
val/loss: 0.9854192137718201
val/loss_target: 0.9854192137718201
