date: '2025-05-26 12:51:32'
test/downstream: 0.8640000224113464
test/loss: 0.9521281123161316
test/loss_labels: 0.9504938125610352
test/loss_timestamps: 0.0016342619201168418
val/downstream: 0.8529999852180481
val/loss: 0.9581891298294067
val/loss_labels: 0.956533670425415
val/loss_timestamps: 0.0016555448528379202
