date: '2025-05-19 16:45:30'
test/downstream: 0.9020000100135803
test/loss: 0.9635401368141174
test/loss_labels: 0.9557113647460938
test/loss_timestamps: 0.007828707806766033
val/downstream: 0.878000020980835
val/loss: 0.9692093133926392
val/loss_labels: 0.9614303708076477
val/loss_timestamps: 0.007778909523040056
