date: '2025-04-25 16:38:22'
test/downstream: 0.656000018119812
test/loss: 0.9815447330474854
test/loss_labels: 0.979646623134613
test/loss_timestamps: 0.0018980964086949825
val/downstream: 0.6190000176429749
val/loss: 0.9813885688781738
val/loss_labels: 0.9794014692306519
val/loss_timestamps: 0.0019871497061103582
