date: '2025-04-25 16:02:26'
test/accuracy-target: 0.5699999928474426
test/batch-accuracy-target: 0.5699999928474426
test/downstream: 0.7820000052452087
test/loss: 1.3419909477233887
test/loss_target: 1.3419909477233887
val/accuracy-target: 0.44999998807907104
val/batch-accuracy-target: 0.44999998807907104
val/downstream: 0.7440000176429749
val/loss: 1.4885302782058716
val/loss_target: 1.4885302782058716
