date: '2025-05-19 16:51:23'
test/downstream: 0.7480000257492065
test/loss: 0.9559734463691711
test/loss_labels: 0.9543415307998657
test/loss_timestamps: 0.001631897990591824
val/downstream: 0.7519999742507935
val/loss: 0.9609689712524414
val/loss_labels: 0.9593507051467896
val/loss_timestamps: 0.0016183655243366957
