date: '2025-05-14 10:20:05'
test/downstream: 0.8230000138282776
test/loss: 0.9523808360099792
test/loss_labels: 0.9516556859016418
test/loss_timestamps: 0.0007251907372847199
val/downstream: 0.8479999899864197
val/loss: 0.9570783376693726
val/loss_labels: 0.9563512802124023
val/loss_timestamps: 0.0007270896458067
