date: '2025-04-28 12:51:17'
test/accuracy-target: 0.8100000023841858
test/batch-accuracy-target: 0.8100000023841858
test/downstream: 0.9079999923706055
test/loss: 0.8102161884307861
test/loss_target: 0.8102161884307861
val/accuracy-target: 0.800000011920929
val/batch-accuracy-target: 0.800000011920929
val/downstream: 0.8989999890327454
val/loss: 0.9125635623931885
val/loss_target: 0.9125635623931885
