date: '2025-04-30 09:05:16'
test/accuracy-target: 0.8500000238418579
test/batch-accuracy-target: 0.8500000238418579
test/downstream: 0.902999997138977
test/loss: 0.446575403213501
test/loss_target: 0.446575403213501
val/accuracy-target: 0.8180000185966492
val/batch-accuracy-target: 0.8180000185966492
val/downstream: 0.9210000038146973
val/loss: 0.49546322226524353
val/loss_target: 0.49546322226524353
