date: '2025-05-26 12:25:34'
test/accuracy-target: 0.9330000281333923
test/batch-accuracy-target: 0.9330000281333923
test/downstream: 0.9330000281333923
test/loss: 0.7264708280563354
test/loss_target: 0.7264708280563354
val/accuracy-target: 0.9279999732971191
val/batch-accuracy-target: 0.9279999732971191
val/downstream: 0.9520000219345093
val/loss: 0.7385210990905762
val/loss_target: 0.7385210990905762
