date: '2025-05-26 12:28:54'
test/accuracy-target: 0.9309999942779541
test/batch-accuracy-target: 0.9309999942779541
test/downstream: 0.9359999895095825
test/loss: 0.725669801235199
test/loss_target: 0.725669801235199
val/accuracy-target: 0.9309999942779541
val/batch-accuracy-target: 0.9309999942779541
val/downstream: 0.9369999766349792
val/loss: 0.7109538316726685
val/loss_target: 0.7109538316726685
