date: '2025-04-29 17:58:55'
test/accuracy-target: 0.9269999861717224
test/batch-accuracy-target: 0.9269999861717224
test/downstream: 0.9279999732971191
test/loss: 0.22263719141483307
test/loss_target: 0.22263719141483307
val/accuracy-target: 0.9160000085830688
val/batch-accuracy-target: 0.9160000085830688
val/downstream: 0.9520000219345093
val/loss: 0.23115740716457367
val/loss_target: 0.23115740716457367
