date: '2025-04-30 11:37:34'
test/accuracy-target: 0.9200000166893005
test/batch-accuracy-target: 0.9200000166893005
test/downstream: 0.9300000071525574
test/loss: 0.2275756299495697
test/loss_target: 0.2275756299495697
val/accuracy-target: 0.9100000262260437
val/batch-accuracy-target: 0.9100000262260437
val/downstream: 0.9419999718666077
val/loss: 0.2337639182806015
val/loss_target: 0.2337639182806015
