date: '2025-05-14 10:59:24'
test/accuracy-target: 0.9240000247955322
test/batch-accuracy-target: 0.9240000247955322
test/downstream: 0.9359999895095825
test/loss: 0.19808611273765564
test/loss_target: 0.19808611273765564
val/accuracy-target: 0.9309999942779541
val/batch-accuracy-target: 0.9309999942779541
val/downstream: 0.9390000104904175
val/loss: 0.19113269448280334
val/loss_target: 0.19113269448280334
