date: '2025-07-31 12:31:51'
num_seeds: 3
test/accuracy-target: 0.9565656781196594
test/accuracy-target-std: 0.0
test/batch-accuracy-target: 0.9565656781196594
test/batch-accuracy-target-std: 0.0
test/downstream: 0.871833344300588
test/downstream-std: 0.004082756611353428
test/loss: 0.1720088223616282
test/loss-std: 0.006945315649304789
test/loss_target: 0.1720088223616282
test/loss_target-std: 0.006945315649304789
val/accuracy-target: 0.95252525806427
val/accuracy-target-std: 0.0
val/batch-accuracy-target: 0.95252525806427
val/batch-accuracy-target-std: 0.0
val/downstream: 0.8525999983151754
val/downstream-std: 0.009265353613622733
val/loss: 0.18502674996852875
val/loss-std: 0.0072991766244803824
val/loss_target: 0.18502674996852875
val/loss_target-std: 0.0072991766244803824
