date: '2025-07-30 16:13:34'
num_seeds: 3
test/accuracy-target: 0.9286195437113444
test/accuracy-target-std: 0.03952180229614051
test/batch-accuracy-target: 0.9286195437113444
test/batch-accuracy-target-std: 0.03952180229614051
test/downstream: 0.8698333303133646
test/downstream-std: 0.005687595593568236
test/loss: 0.21495759983857474
test/loss-std: 0.09556205890399104
test/loss_target: 0.21495759983857474
test/loss_target-std: 0.09556205890399104
val/accuracy-target: 0.924579123655955
val/accuracy-target-std: 0.03880973062352181
val/batch-accuracy-target: 0.924579123655955
val/batch-accuracy-target-std: 0.03880973062352181
val/downstream: 0.8261666893959045
val/downstream-std: 0.00842470154565579
val/loss: 0.23136154313882193
val/loss-std: 0.10204607107539759
val/loss_target: 0.23136154313882193
val/loss_target-std: 0.10204607107539759
