date: '2025-07-30 16:51:54'
num_seeds: 3
test/downstream: 0.8472999930381775
test/downstream-std: 0.009434333581325005
test/loss: 2.5468316872914634
test/loss-std: 0.02031609906657399
test/loss_labels: 2.1692749659220376
test/loss_labels-std: 0.01850678768801108
test/loss_timestamps: 0.1443876326084137
test/loss_timestamps-std: 0.00015890351106954292
test/loss_types: 0.2331691881020864
test/loss_types-std: 0.0018346600672075766
val/downstream: 0.8455000122388204
val/downstream-std: 0.003980799925779449
val/loss: 2.5064196586608887
val/loss-std: 0.019597299417807974
val/loss_labels: 2.1350616614023843
val/loss_labels-std: 0.01783471418543581
val/loss_timestamps: 0.14456348617871603
val/loss_timestamps-std: 0.00015334166724927876
val/loss_types: 0.22679437696933746
val/loss_types-std: 0.0018727819163151136
