date: '2025-07-30 16:51:22'
num_seeds: 3
test/downstream: 0.8399333357810974
test/downstream-std: 0.004540412921857087
test/loss: 2.534491777420044
test/loss-std: 0.006807880192887887
test/loss_labels: 2.158289114634196
test/loss_labels-std: 0.005410065682236481
test/loss_timestamps: 0.14432140191396078
test/loss_timestamps-std: 0.0001466376548590271
test/loss_types: 0.23188110689322153
test/loss_types-std: 0.0013462346548254144
val/downstream: 0.8375999927520752
val/downstream-std: 0.00494233578577833
val/loss: 2.4934372107187905
val/loss-std: 0.007854762585432603
val/loss_labels: 2.123552083969116
val/loss_labels-std: 0.006490854825181037
val/loss_timestamps: 0.14450704058011374
val/loss_timestamps-std: 0.00013945920911691411
val/loss_types: 0.22537814577420553
val/loss_types-std: 0.001294132219197088
