date: '2025-07-31 17:34:31'
num_seeds: 3
test/downstream: 0.8318666617075602
test/downstream-std: 0.004018553555790773
test/loss: 2.688302516937256
test/loss-std: 0.13665812943529276
test/loss_labels: 2.305139938990275
test/loss_labels-std: 0.1315268835641247
test/loss_timestamps: 0.14461511870225272
test/loss_timestamps-std: 0.00012664451303443116
test/loss_types: 0.23854718108971915
test/loss_types-std: 0.0050392355044813104
val/downstream: 0.8421000242233276
val/downstream-std: 0.005169786392857133
val/loss: 2.644796371459961
val/loss-std: 0.13402510712844048
val/loss_labels: 2.2675626277923584
val/loss_labels-std: 0.1289062340180274
val/loss_timestamps: 0.14481190343697867
val/loss_timestamps-std: 0.00011445485160336725
val/loss_types: 0.23242140809694925
val/loss_types-std: 0.0050190204987724755
