date: '2025-07-31 17:35:06'
num_seeds: 3
test/downstream: 0.8453333377838135
test/downstream-std: 0.005301795906940668
test/loss: 2.570899566014608
test/loss-std: 0.03769268007131825
test/loss_labels: 2.191749890645345
test/loss_labels-std: 0.03483998997426015
test/loss_timestamps: 0.14451385041077933
test/loss_timestamps-std: 0.00023987524065561565
test/loss_types: 0.23463534812132517
test/loss_types-std: 0.0026776213725428193
val/downstream: 0.8449333310127258
val/downstream-std: 0.005716253071792348
val/loss: 2.529590288798014
val/loss-std: 0.035207032130406865
val/loss_labels: 2.1565191745758057
val/loss_labels-std: 0.03208694378191509
val/loss_timestamps: 0.1446791390577952
val/loss_timestamps-std: 0.00021664364542105583
val/loss_types: 0.22839192052682242
val/loss_types-std: 0.002971976509345374
