date: '2025-07-30 16:40:19'
num_seeds: 3
test/downstream: 0.840666651725769
test/downstream-std: 0.008978614214612804
test/loss: 2.5256616274515786
test/loss-std: 0.007729289240976055
test/loss_labels: 2.1492648919423423
test/loss_labels-std: 0.0067266155618005375
test/loss_timestamps: 0.14432093501091003
test/loss_timestamps-std: 0.0001000084777399308
test/loss_types: 0.23207577566305795
test/loss_types-std: 0.0009348921928292052
val/downstream: 0.8466333349545797
val/downstream-std: 0.004716854349220546
val/loss: 2.487253109614054
val/loss-std: 0.007028301285402527
val/loss_labels: 2.1169768969217935
val/loss_labels-std: 0.005777291461492266
val/loss_timestamps: 0.14450946946938834
val/loss_timestamps-std: 0.00013445002247627306
val/loss_types: 0.22576655447483063
val/loss_types-std: 0.0011616085157927624
