date: '2025-07-31 12:25:27'
num_seeds: 3
test/accuracy-target: 0.9555555780728658
test/accuracy-target-std: 0.0014284971855292351
test/batch-accuracy-target: 0.9555555780728658
test/batch-accuracy-target-std: 0.0014284971855292351
test/downstream: 0.8492333292961121
test/downstream-std: 0.0028193930555180245
test/loss: 0.24413168927033743
test/loss-std: 0.019953531634604955
test/loss_target: 0.24413168927033743
test/loss_target-std: 0.019953531634604955
val/accuracy-target: 0.9511784513791403
val/accuracy-target-std: 0.0019046722800053159
val/batch-accuracy-target: 0.9511784513791403
val/batch-accuracy-target-std: 0.0019046722800053159
val/downstream: 0.8499333262443542
val/downstream-std: 0.007331356174077333
val/loss: 0.249701460202535
val/loss-std: 0.019174839303082288
val/loss_target: 0.249701460202535
val/loss_target-std: 0.019174839303082288
