date: '2025-07-31 17:36:00'
num_seeds: 3
test/downstream: 0.8301666776339213
test/downstream-std: 0.009711267924002034
test/loss: 2.5391246477762857
test/loss-std: 0.010200428769147717
test/loss_labels: 2.1633012294769287
test/loss_labels-std: 0.00866131621552378
test/loss_timestamps: 0.14425902565320334
test/loss_timestamps-std: 7.793963187466444e-05
test/loss_types: 0.23156441748142242
test/loss_types-std: 0.0014710108646515299
val/downstream: 0.8476999998092651
val/downstream-std: 0.0017107636033197498
val/loss: 2.4993345737457275
val/loss-std: 0.011099949194501284
val/loss_labels: 2.1297661463419595
val/loss_labels-std: 0.00955330743401891
val/loss_timestamps: 0.14444018403689066
val/loss_timestamps-std: 6.185597512859144e-05
val/loss_types: 0.22512826323509216
val/loss_types-std: 0.0014848383253617669
