date: '2025-07-30 21:13:46'
num_seeds: 3
test/downstream: 0.831933339436849
test/downstream-std: 0.007489711243223943
test/loss: 2.5550948778788247
test/loss-std: 0.02225775805680019
test/loss_labels: 2.1766269207000732
test/loss_labels-std: 0.019678917894179047
test/loss_timestamps: 0.14444628854592642
test/loss_timestamps-std: 0.00018942377574114396
test/loss_types: 0.23402170836925507
test/loss_types-std: 0.002496117012297808
val/downstream: 0.8431333303451538
val/downstream-std: 0.0045973290786648765
val/loss: 2.5150816440582275
val/loss-std: 0.021553091428737885
val/loss_labels: 2.1426031589508057
val/loss_labels-std: 0.018907307754229476
val/loss_timestamps: 0.14464354515075684
val/loss_timestamps-std: 0.00019267519420021503
val/loss_types: 0.2278347611427307
val/loss_types-std: 0.002559990222475471
