date: '2025-07-31 17:35:43'
num_seeds: 3
test/downstream: 0.8411333362261454
test/downstream-std: 0.004018574156222387
test/loss: 2.5473270416259766
test/loss-std: 0.021508567089058284
test/loss_labels: 2.1691839694976807
test/loss_labels-std: 0.020105194066344177
test/loss_timestamps: 0.14457819362481436
test/loss_timestamps-std: 0.00021369739295427873
test/loss_types: 0.23356503248214722
test/loss_types-std: 0.0011898620265777505
val/downstream: 0.8430333336194357
val/downstream-std: 0.0027450882209616814
val/loss: 2.5070597330729165
val/loss-std: 0.020345713333656704
val/loss_labels: 2.134944438934326
val/loss_labels-std: 0.019060240966529425
val/loss_timestamps: 0.1447215974330902
val/loss_timestamps-std: 0.00021612344334661845
val/loss_types: 0.22739367187023163
val/loss_types-std: 0.0010701725256739192
