date: '2025-07-31 12:25:08'
num_seeds: 3
test/accuracy-target: 0.9565656781196594
test/accuracy-target-std: 0.0
test/batch-accuracy-target: 0.9565656781196594
test/batch-accuracy-target-std: 0.0
test/downstream: 0.8687000075976054
test/downstream-std: 0.011074283955599501
test/loss: 0.223959947625796
test/loss-std: 0.07295507331786326
test/loss_target: 0.223959947625796
test/loss_target-std: 0.07295507331786326
val/accuracy-target: 0.95252525806427
val/accuracy-target-std: 0.0
val/batch-accuracy-target: 0.95252525806427
val/batch-accuracy-target-std: 0.0
val/downstream: 0.83706667025884
val/downstream-std: 0.018105311170734405
val/loss: 0.2330444852511088
val/loss-std: 0.06979917796497181
val/loss_target: 0.2330444852511088
val/loss_target-std: 0.06979917796497181
