date: '2025-07-30 16:51:56'
num_seeds: 3
test/downstream: 0.8383333285649618
test/downstream-std: 0.01274161728051055
test/loss: 2.5707903703053794
test/loss-std: 0.03263287106513606
test/loss_labels: 2.191211223602295
test/loss_labels-std: 0.03105193836975014
test/loss_timestamps: 0.14461435874303183
test/loss_timestamps-std: 0.00012687451879462674
test/loss_types: 0.23496470848719278
test/loss_types-std: 0.0015298663638392235
val/downstream: 0.843833327293396
val/downstream-std: 0.0026562315298346343
val/loss: 2.5303263664245605
val/loss-std: 0.03308045810127923
val/loss_labels: 2.157104253768921
val/loss_labels-std: 0.03164472850919506
val/loss_timestamps: 0.14479424059391022
val/loss_timestamps-std: 0.00014256123432870602
val/loss_types: 0.2284281055132548
val/loss_types-std: 0.0013243988790910275
