date: '2025-07-31 23:10:29'
num_seeds: 5
test/accuracy-target: 0.956161618232727
test/accuracy-target-std: 0.0010301078664797677
test/batch-accuracy-target: 0.956161618232727
test/batch-accuracy-target-std: 0.0010301078664797677
test/downstream: 0.8463199973106384
test/downstream-std: 0.01030407209579084
test/loss: 0.1770114630460739
test/loss-std: 0.03199061384862434
test/loss_target: 0.1770114630460739
test/loss_target-std: 0.03199061384862434
val/accuracy-target: 0.9535353660583497
val/accuracy-target-std: 0.0006388370797877158
val/batch-accuracy-target: 0.9535353660583497
val/batch-accuracy-target-std: 0.0006388370797877158
val/downstream: 0.8412600040435791
val/downstream-std: 0.010195026485809083
val/loss: 0.18713707625865936
val/loss-std: 0.03002174637399116
val/loss_target: 0.18713707625865936
val/loss_target-std: 0.03002174637399116
