date: '2025-07-30 16:40:14'
num_seeds: 3
test/downstream: 0.8320333162943522
test/downstream-std: 0.007920575307235474
test/loss: 2.5391246477762857
test/loss-std: 0.010200428769147717
test/loss_labels: 2.1633012294769287
test/loss_labels-std: 0.00866131621552378
test/loss_timestamps: 0.14425902565320334
test/loss_timestamps-std: 7.793963187466444e-05
test/loss_types: 0.23156441748142242
test/loss_types-std: 0.0014710108646515299
val/downstream: 0.8471999963124593
val/downstream-std: 0.0028647512055206543
val/loss: 2.4993345737457275
val/loss-std: 0.011099949194501284
val/loss_labels: 2.1297661463419595
val/loss_labels-std: 0.00955330743401891
val/loss_timestamps: 0.14444018403689066
val/loss_timestamps-std: 6.185597512859144e-05
val/loss_types: 0.22512826323509216
val/loss_types-std: 0.0014848383253617669
