date: '2025-07-24 19:57:33'
num_seeds: 5
test/accuracy-target: 0.956161618232727
test/accuracy-target-std: 0.0010301078664797677
test/batch-accuracy-target: 0.956161618232727
test/batch-accuracy-target-std: 0.0010301078664797677
test/downstream: 0.8475799918174743
test/downstream-std: 0.01085051587221745
test/loss: 0.17701603174209596
test/loss-std: 0.03199677966599623
test/loss_target: 0.17701603174209596
test/loss_target-std: 0.03199677966599623
val/accuracy-target: 0.9535353660583497
val/accuracy-target-std: 0.0006388370797877158
val/batch-accuracy-target: 0.9535353660583497
val/batch-accuracy-target-std: 0.0006388370797877158
val/downstream: 0.8408400058746338
val/downstream-std: 0.010672319587693218
val/loss: 0.18714742958545685
val/loss-std: 0.03002896363158385
val/loss_target: 0.18714742958545685
val/loss_target-std: 0.03002896363158385
