date: '2025-07-31 23:01:14'
num_seeds: 5
test/accuracy-target: 0.9557575821876526
test/accuracy-target-std: 0.0007559045283038377
test/batch-accuracy-target: 0.9557575821876526
test/batch-accuracy-target-std: 0.0007559045283038377
test/downstream: 0.8575199961662292
test/downstream-std: 0.01674914324680336
test/loss: 0.1726074606180191
test/loss-std: 0.016989483221881305
test/loss_target: 0.1726074606180191
test/loss_target-std: 0.016989483221881305
val/accuracy-target: 0.9533333420753479
val/accuracy-target-std: 0.0007558854124244616
val/batch-accuracy-target: 0.9533333420753479
val/batch-accuracy-target-std: 0.0007558854124244616
val/downstream: 0.8330600142478943
val/downstream-std: 0.009358119896780776
val/loss: 0.1902540147304535
val/loss-std: 0.01514364264633177
val/loss_target: 0.1902540147304535
val/loss_target-std: 0.01514364264633177
