date: '2025-07-30 16:51:54'
num_seeds: 3
test/downstream: 0.8379666805267334
test/downstream-std: 0.010124997636666746
test/loss: 2.5681835810343423
test/loss-std: 0.05948299327305754
test/loss_labels: 2.188704490661621
test/loss_labels-std: 0.05553668157766649
test/loss_timestamps: 0.14445967972278595
test/loss_timestamps-std: 0.00020011674338840256
test/loss_types: 0.23501932621002197
test/loss_types-std: 0.0037542956459060877
val/downstream: 0.8458333412806193
val/downstream-std: 0.004275776924494001
val/loss: 2.529621442159017
val/loss-std: 0.0589999541139882
val/loss_labels: 2.1563095251719155
val/loss_labels-std: 0.05537537079254704
val/loss_timestamps: 0.1446645905574163
val/loss_timestamps-std: 0.00018796336004952137
val/loss_types: 0.22864756484826407
val/loss_types-std: 0.003440271415297882
