date: '2025-07-24 16:04:18'
num_seeds: 5
test/downstream: 0.8328999996185302
test/downstream-std: 0.015584865600511134
test/loss: 2.543113422393799
test/loss-std: 0.04304729630977979
test/loss_labels: 2.1649598598480226
test/loss_labels-std: 0.04093136733156106
test/loss_timestamps: 0.144343963265419
test/loss_timestamps-std: 7.969737064061868e-05
test/loss_types: 0.2338096708059311
test/loss_types-std: 0.002065878438886948
val/downstream: 0.8463800072669982
val/downstream-std: 0.0028392939972971885
val/loss: 2.506054496765137
val/loss-std: 0.04097914217432202
val/loss_labels: 2.1342769145965574
val/loss_labels-std: 0.0388568267655976
val/loss_timestamps: 0.14453190863132476
val/loss_timestamps-std: 9.002502338864526e-05
val/loss_types: 0.2272457003593445
val/loss_types-std: 0.0020520765515223685
