date: '2025-07-31 12:25:17'
num_seeds: 3
test/accuracy-target: 0.6521885668238004
test/accuracy-target-std: 0.4304542388705488
test/batch-accuracy-target: 0.6521885668238004
test/batch-accuracy-target-std: 0.4304542388705488
test/downstream: 0.859166661898295
test/downstream-std: 0.010396894204054607
test/loss: 0.5275940845410029
test/loss-std: 0.4314058318350623
test/loss_target: 0.5275940845410029
test/loss_target-std: 0.4314058318350623
val/accuracy-target: 0.6508417539298534
val/accuracy-target-std: 0.4266449030911316
val/batch-accuracy-target: 0.6508417539298534
val/batch-accuracy-target-std: 0.4266449030911316
val/downstream: 0.8401333491007487
val/downstream-std: 0.008300334383655664
val/loss: 0.5324403246243795
val/loss-std: 0.42530251813735603
val/loss_target: 0.5324403246243795
val/loss_target-std: 0.42530251813735603
