date: '2025-07-31 12:31:55'
num_seeds: 3
test/accuracy-target: 0.9565656781196594
test/accuracy-target-std: 0.0
test/batch-accuracy-target: 0.9565656781196594
test/batch-accuracy-target-std: 0.0
test/downstream: 0.8545333544413248
test/downstream-std: 0.01312562933512033
test/loss: 0.3093886077404022
test/loss-std: 0.1537171906424354
test/loss_target: 0.3093886077404022
test/loss_target-std: 0.1537171906424354
val/accuracy-target: 0.95252525806427
val/accuracy-target-std: 0.0
val/batch-accuracy-target: 0.95252525806427
val/batch-accuracy-target-std: 0.0
val/downstream: 0.835266649723053
val/downstream-std: 0.007116339346055806
val/loss: 0.316989466547966
val/loss-std: 0.14890646412800831
val/loss_target: 0.316989466547966
val/loss_target-std: 0.14890646412800831
