date: '2025-07-31 12:31:53'
num_seeds: 3
test/accuracy-target: 0.9565656781196594
test/accuracy-target-std: 0.0
test/batch-accuracy-target: 0.9565656781196594
test/batch-accuracy-target-std: 0.0
test/downstream: 0.861466666062673
test/downstream-std: 0.015156156486308553
test/loss: 0.1999245584011078
test/loss-std: 0.019962081609179862
test/loss_target: 0.1999245584011078
test/loss_target-std: 0.019962081609179862
val/accuracy-target: 0.95252525806427
val/accuracy-target-std: 0.0
val/batch-accuracy-target: 0.95252525806427
val/batch-accuracy-target-std: 0.0
val/downstream: 0.8331666787465414
val/downstream-std: 0.009579959402737273
val/loss: 0.21722220877806345
val/loss-std: 0.022977890887352123
val/loss_target: 0.21722220877806345
val/loss_target-std: 0.022977890887352123
