date: '2025-07-31 12:25:28'
num_seeds: 3
test/accuracy-target: 0.9565656781196594
test/accuracy-target-std: 0.0
test/batch-accuracy-target: 0.9565656781196594
test/batch-accuracy-target-std: 0.0
test/downstream: 0.8693333268165588
test/downstream-std: 0.01656629967126716
test/loss: 0.2996130386988322
test/loss-std: 0.033813833151479115
test/loss_target: 0.2996130386988322
test/loss_target-std: 0.033813833151479115
val/accuracy-target: 0.95252525806427
val/accuracy-target-std: 0.0
val/batch-accuracy-target: 0.95252525806427
val/batch-accuracy-target-std: 0.0
val/downstream: 0.8398666580518087
val/downstream-std: 0.005301790410659276
val/loss: 0.3049012819925944
val/loss-std: 0.032595973779427086
val/loss_target: 0.3049012819925944
val/loss_target-std: 0.032595973779427086
