date: '2025-07-30 17:20:05'
num_seeds: 3
test/accuracy-target: 0.9562289714813232
test/accuracy-target-std: 0.0004761750944760808
test/batch-accuracy-target: 0.9562289714813232
test/batch-accuracy-target-std: 0.0004761750944760808
test/downstream: 0.8764999906222025
test/downstream-std: 0.007216650648169612
test/loss: 0.15880943338076273
test/loss-std: 0.020911629608903883
test/loss_target: 0.15880943338076273
test/loss_target-std: 0.020911629608903883
val/accuracy-target: 0.9518518646558126
val/accuracy-target-std: 0.0009523220910531543
val/batch-accuracy-target: 0.9518518646558126
val/batch-accuracy-target-std: 0.0009523220910531543
val/downstream: 0.8471666574478149
val/downstream-std: 0.013390883513244608
val/loss: 0.17347328861554465
val/loss-std: 0.01764133258483896
val/loss_target: 0.17347328861554465
val/loss_target-std: 0.01764133258483896
