date: '2025-07-30 16:40:13'
num_seeds: 3
test/downstream: 0.8310333490371704
test/downstream-std: 0.013694848035983646
test/loss: 2.566545565923055
test/loss-std: 0.05530588292182246
test/loss_labels: 2.1883747577667236
test/loss_labels-std: 0.05226365483304858
test/loss_timestamps: 0.14444057643413544
test/loss_timestamps-std: 0.0002444622687478156
test/loss_types: 0.23373022178808847
test/loss_types-std: 0.0029791299825095473
val/downstream: 0.8439666628837585
val/downstream-std: 0.0009285578195732337
val/loss: 2.525413990020752
val/loss-std: 0.0527853069024469
val/loss_labels: 2.153478225072225
val/loss_labels-std: 0.04998199091856713
val/loss_timestamps: 0.14462730785210928
val/loss_timestamps-std: 0.00025156655779286886
val/loss_types: 0.22730842232704163
val/loss_types-std: 0.0026332391931973955
