date: '2025-07-24 16:58:20'
num_seeds: 5
test/downstream: 0.8358800172805786
test/downstream-std: 0.014019474327994155
test/loss: 2.53364520072937
test/loss-std: 0.010533006117543176
test/loss_labels: 2.156608819961548
test/loss_labels-std: 0.010007807971829008
test/loss_timestamps: 0.14436396360397338
test/loss_timestamps-std: 4.0168225945613624e-05
test/loss_types: 0.2326724648475647
test/loss_types-std: 0.0006300404823751327
val/downstream: 0.8462799906730651
val/downstream-std: 0.005126159704470137
val/loss: 2.494326114654541
val/loss-std: 0.011044630563231319
val/loss_labels: 2.1235989570617675
val/loss_labels-std: 0.010458478387788682
val/loss_timestamps: 0.14453697502613067
val/loss_timestamps-std: 6.137847111457902e-05
val/loss_types: 0.22619003653526307
val/loss_types-std: 0.0006670976023387552
