date: '2025-07-30 16:14:54'
num_seeds: 3
test/accuracy-target: 0.9552188714345297
test/accuracy-target-std: 0.0012598143305209903
test/batch-accuracy-target: 0.9552188714345297
test/batch-accuracy-target-std: 0.0012598143305209903
test/downstream: 0.8701000213623047
test/downstream-std: 0.01535990446123133
test/loss: 0.17192505300045013
test/loss-std: 0.014200811920005746
test/loss_target: 0.17192505300045013
test/loss_target-std: 0.014200811920005746
val/accuracy-target: 0.95252525806427
val/accuracy-target-std: 0.0008247594569314821
val/batch-accuracy-target: 0.95252525806427
val/batch-accuracy-target-std: 0.0008247594569314821
val/downstream: 0.837233324845632
val/downstream-std: 0.0062914372060012625
val/loss: 0.18677752713362375
val/loss-std: 0.015731666048554322
val/loss_target: 0.18677752713362375
val/loss_target-std: 0.015731666048554322
