date: '2025-07-31 17:41:19'
num_seeds: 3
test/downstream: 0.8405333360036215
test/downstream-std: 0.010891060599982117
test/loss: 2.6358893712361655
test/loss-std: 0.16510567162294626
test/loss_labels: 2.2556516329447427
test/loss_labels-std: 0.15833132764596314
test/loss_timestamps: 0.14432560900847116
test/loss_timestamps-std: 0.00014581466159765456
test/loss_types: 0.23591193556785583
test/loss_types-std: 0.006652528898248464
val/downstream: 0.8492666681607565
val/downstream-std: 0.00548775617253444
val/loss: 2.592905600865682
val/loss-std: 0.16061417760111973
val/loss_labels: 2.2187889417012534
val/loss_labels-std: 0.1538619404703829
val/loss_timestamps: 0.14452292521794638
val/loss_timestamps-std: 0.00017961681703041165
val/loss_types: 0.22959360977013907
val/loss_types-std: 0.006608543070420778
