date: '2025-07-30 16:40:11'
num_seeds: 3
test/downstream: 0.846399982770284
test/downstream-std: 0.005987199598733732
test/loss: 2.5473270416259766
test/loss-std: 0.021508567089058284
test/loss_labels: 2.1691839694976807
test/loss_labels-std: 0.020105194066344177
test/loss_timestamps: 0.14457819362481436
test/loss_timestamps-std: 0.00021369739295427873
test/loss_types: 0.23356503248214722
test/loss_types-std: 0.0011898620265777505
val/downstream: 0.838866670926412
val/downstream-std: 0.00012472137050451436
val/loss: 2.5070597330729165
val/loss-std: 0.020345713333656704
val/loss_labels: 2.134944438934326
val/loss_labels-std: 0.019060240966529425
val/loss_timestamps: 0.1447215974330902
val/loss_timestamps-std: 0.00021612344334661845
val/loss_types: 0.22739367187023163
val/loss_types-std: 0.0010701725256739192
