date: '2025-07-31 12:32:01'
num_seeds: 3
test/accuracy-target: 0.9565656781196594
test/accuracy-target-std: 0.0
test/batch-accuracy-target: 0.9565656781196594
test/batch-accuracy-target-std: 0.0
test/downstream: 0.8660333156585693
test/downstream-std: 0.006857757503089362
test/loss: 0.23449288805325827
test/loss-std: 0.08344174140696808
test/loss_target: 0.23449288805325827
test/loss_target-std: 0.08344174140696808
val/accuracy-target: 0.95252525806427
val/accuracy-target-std: 0.0
val/batch-accuracy-target: 0.95252525806427
val/batch-accuracy-target-std: 0.0
val/downstream: 0.8366999824841818
val/downstream-std: 0.012252611240346855
val/loss: 0.24287551641464233
val/loss-std: 0.08125768288217104
val/loss_target: 0.24287551641464233
val/loss_target-std: 0.08125768288217104
