date: '2025-07-30 16:37:15'
num_seeds: 3
test/downstream: 0.8432666659355164
test/downstream-std: 0.002777690129620916
test/loss: 2.5774669647216797
test/loss-std: 0.02615183643802818
test/loss_labels: 2.1982010205586753
test/loss_labels-std: 0.024576107189215136
test/loss_timestamps: 0.14461958408355713
test/loss_timestamps-std: 0.00020692942296169386
test/loss_types: 0.2346462607383728
test/loss_types-std: 0.0013744752089761116
val/downstream: 0.8458333412806193
val/downstream-std: 0.0021638348820031
val/loss: 2.5367983182271323
val/loss-std: 0.024506064645265366
val/loss_labels: 2.1636017163594565
val/loss_labels-std: 0.02306526124510749
val/loss_timestamps: 0.14481536050637564
val/loss_timestamps-std: 0.000221697717612737
val/loss_types: 0.22838112711906433
val/loss_types-std: 0.0012247633147302076
