date: '2025-07-30 16:51:55'
num_seeds: 3
test/downstream: 0.8391666809717814
test/downstream-std: 0.00971403157866514
test/loss: 2.5330964724222818
test/loss-std: 0.013252151836594462
test/loss_labels: 2.156233072280884
test/loss_labels-std: 0.012191827594176767
test/loss_timestamps: 0.1444096863269806
test/loss_timestamps-std: 5.977591975227277e-05
test/loss_types: 0.23245354990164438
test/loss_types-std: 0.0010142455653673775
val/downstream: 0.8414666652679443
val/downstream-std: 0.0028674279348812263
val/loss: 2.495730717976888
val/loss-std: 0.01409430529102136
val/loss_labels: 2.124786059061686
val/loss_labels-std: 0.01309376197553628
val/loss_timestamps: 0.14459469417730966
val/loss_timestamps-std: 6.101054925591705e-05
val/loss_types: 0.22634986539681753
val/loss_types-std: 0.000970316481138438
