date: '2025-07-30 16:51:36'
num_seeds: 3
test/downstream: 0.8338333368301392
test/downstream-std: 0.008195263528475008
test/loss: 2.533742984135946
test/loss-std: 0.010799107644272112
test/loss_labels: 2.156783103942871
test/loss_labels-std: 0.009717569308591278
test/loss_timestamps: 0.144395778576533
test/loss_timestamps-std: 0.00014013693893086203
test/loss_types: 0.23256400724252066
test/loss_types-std: 0.001049823941973015
val/downstream: 0.8424000144004822
val/downstream-std: 0.002857742955571666
val/loss: 2.4940880139668784
val/loss-std: 0.011969414000157602
val/loss_labels: 2.1232336362202964
val/loss_labels-std: 0.01088659817638582
val/loss_timestamps: 0.14457522829373678
val/loss_timestamps-std: 0.00012193059984715065
val/loss_types: 0.22627881169319153
val/loss_types-std: 0.0009710788572081635
