date: '2025-07-30 16:14:57'
num_seeds: 3
test/accuracy-target: 0.7932659983634949
test/accuracy-target-std: 0.22523264495399686
test/batch-accuracy-target: 0.7932659983634949
test/batch-accuracy-target-std: 0.22523264495399686
test/downstream: 0.8612333337465922
test/downstream-std: 0.0037025482561877147
test/loss: 0.4271230598290761
test/loss-std: 0.38318015153486074
test/loss_target: 0.4271230598290761
test/loss_target-std: 0.38318015153486074
val/accuracy-target: 0.8047138055165609
val/accuracy-target-std: 0.20618160194130603
val/batch-accuracy-target: 0.8047138055165609
val/batch-accuracy-target-std: 0.20618160194130603
val/downstream: 0.8455666700998942
val/downstream-std: 0.008919765824756965
val/loss: 0.42620158692200977
val/loss-std: 0.36771023299496663
val/loss_target: 0.42620158692200977
val/loss_target-std: 0.36771023299496663
