date: '2025-07-30 16:08:48'
num_seeds: 3
test/accuracy-target: 0.9538720647493998
test/accuracy-target-std: 0.0012598143305209903
test/batch-accuracy-target: 0.9538720647493998
test/batch-accuracy-target-std: 0.0012598143305209903
test/downstream: 0.8641666571299235
test/downstream-std: 0.014499971275604413
test/loss: 0.14353256424268088
test/loss-std: 0.002291147219522238
test/loss_target: 0.14353256424268088
test/loss_target-std: 0.002291147219522238
val/accuracy-target: 0.9481481512387594
val/accuracy-target-std: 0.002380819276582389
val/batch-accuracy-target: 0.9481481512387594
val/batch-accuracy-target-std: 0.002380819276582389
val/downstream: 0.8348666826883951
val/downstream-std: 0.004876008932172357
val/loss: 0.16174046198527017
val/loss-std: 0.004984690259403457
val/loss_target: 0.16174046198527017
val/loss_target-std: 0.004984690259403457
