date: '2025-05-06 16:22:20'
test/downstream: 0.7889999747276306
test/loss: 10.382338523864746
test/loss__presence: 0.3364848494529724
test/loss_channel_type: 0.0006596703897230327
test/loss_currency: 0.13301749527454376
test/loss_labels: 2.1471762657165527
test/loss_log_amount: 1.0171294212341309
test/loss_next_item_channel_type: 0.00028172016027383506
test/loss_next_item_currency: 0.09134583920240402
test/loss_next_item_labels: 2.684252977371216
test/loss_next_item_log_amount: 1.2488672733306885
test/loss_next_item_timestamps: 0.6156994700431824
test/loss_next_item_trx_category: 0.540492832660675
test/loss_timestamps: 1.2005016803741455
test/loss_trx_category: 0.3664283752441406
test/match_cost_mean: -2.9985930919647217
test/match_cost_std: 14.41823959350586
test/max_cost: 102.43199157714844
test/prediction_match_rate: 0.3377451002597809
test/target_match_rate: 1.0
val/downstream: 0.8240000009536743
val/loss: 10.14377212524414
val/loss__presence: 0.3471672236919403
val/loss_channel_type: 0.0011483201524242759
val/loss_currency: 0.10265418142080307
val/loss_labels: 2.1062209606170654
val/loss_log_amount: 0.9987771511077881
val/loss_next_item_channel_type: 0.0003446283517405391
val/loss_next_item_currency: 0.06306912004947662
val/loss_next_item_labels: 2.6325042247772217
val/loss_next_item_log_amount: 1.2190707921981812
val/loss_next_item_timestamps: 0.601952850818634
val/loss_next_item_trx_category: 0.5026941895484924
val/loss_timestamps: 1.202731728553772
val/loss_trx_category: 0.3654380440711975
val/match_cost_mean: -3.094449281692505
val/match_cost_std: 14.574161529541016
val/max_cost: 99.94190216064453
val/prediction_match_rate: 0.35165053606033325
val/target_match_rate: 1.0
