date: '2025-05-07 14:42:26'
test/accuracy-target_flag: 0.7120000123977661
test/batch-accuracy-target_flag: 0.7120000123977661
test/downstream: 0.8220000267028809
test/loss: 0.6129053831100464
test/loss_target_flag: 0.6129053831100464
val/accuracy-target_flag: 0.7048888802528381
val/batch-accuracy-target_flag: 0.7048888802528381
val/downstream: 0.8220000267028809
val/loss: 0.6224212050437927
val/loss_target_flag: 0.6224212050437927
