date: '2025-05-07 11:51:36'
test/accuracy-target_flag: 0.7120000123977661
test/batch-accuracy-target_flag: 0.7120000123977661
test/downstream: 0.8240000009536743
test/loss: 0.6129053831100464
test/loss_target_flag: 0.6129053831100464
val/accuracy-target_flag: 0.7048888802528381
val/batch-accuracy-target_flag: 0.7048888802528381
val/downstream: 0.824999988079071
val/loss: 0.6224212050437927
val/loss_target_flag: 0.6224212050437927
