date: '2025-05-07 06:42:21'
test/accuracy-target_flag: 0.7120000123977661
test/batch-accuracy-target_flag: 0.7120000123977661
test/downstream: 0.8100000023841858
test/loss: 0.6514628529548645
test/loss_target_flag: 0.6514628529548645
val/accuracy-target_flag: 0.734666645526886
val/batch-accuracy-target_flag: 0.734666645526886
val/downstream: 0.8220000267028809
val/loss: 0.6517408490180969
val/loss_target_flag: 0.6517408490180969
