date: '2025-03-07 14:38:38'
test/downstream: 0.83
test/downstream-std: 0.004
test/loss: 3.843292713165283
test/loss__presence: 0.06626926362514496
test/loss_channel_type: 0.00063241773750633
test/loss_currency: 0.10758958011865616
test/loss_labels: 1.2606195211410522
test/loss_log_amount: 0.8660831451416016
test/loss_timestamps: 1.3126537799835205
test/loss_trx_category: 0.22944486141204834
test/match_cost_mean: -26.57901954650879
test/match_cost_std: 14.994839668273926
test/max_cost: 72.33318328857422
test/prediction_match_rate: 0.7541077733039856
test/target_match_rate: 0.6698006391525269
val/downstream: 0.83
val/downstream-std: 0.004
val/loss: 3.816344738006592
val/loss__presence: 0.0650196447968483
val/loss_channel_type: 0.0004190663166809827
val/loss_currency: 0.0997256487607956
val/loss_labels: 1.2375837564468384
val/loss_log_amount: 0.882204532623291
val/loss_timestamps: 1.2917084693908691
val/loss_trx_category: 0.23968428373336792
val/match_cost_mean: -26.397520065307617
val/match_cost_std: 14.975311279296875
val/max_cost: 72.11872863769531
val/prediction_match_rate: 0.7529017329216003
val/target_match_rate: 0.6690376996994019
