date: '2025-03-11 10:11:00'
test/downstream: 0.821
test/downstream-std: 0.005
test/loss: 4.631947040557861
test/loss_channel_type: 0.00024650435079820454
test/loss_currency: 0.047778066247701645
test/loss_labels: 2.2295632362365723
test/loss_log_amount: 1.1248466968536377
test/loss_timedeltas: 0.7592445015907288
test/loss_trx_category: 0.4702681005001068
val/downstream: 0.82
val/downstream-std: 0.013
val/loss: 4.705186367034912
val/loss_channel_type: 0.0004927083500660956
val/loss_currency: 0.052896518260240555
val/loss_labels: 2.277463912963867
val/loss_log_amount: 1.135801911354065
val/loss_timedeltas: 0.7789074182510376
val/loss_trx_category: 0.4596238434314728
