date: '2025-03-05 14:21:15'
test/downstream: 0.821
test/downstream-std: 0.002
test/loss: 23.795026779174805
test/loss_coles: 23.795026779174805
val/downstream: 0.825
val/downstream-std: 0.008
val/loss: 23.810344696044922
val/loss_coles: 23.810344696044922
