date: '2025-03-11 11:32:29'
test/downstream: 0.828
test/downstream-std: 0.004
test/loss: 2.2022242546081543
test/loss__presence: 0.055213797837495804
test/loss_channel_type: 7.95072628534399e-05
test/loss_currency: 0.062479499727487564
test/loss_labels: 0.518916666507721
test/loss_log_amount: 0.6582739353179932
test/loss_timestamps: 0.8098672032356262
test/loss_trx_category: 0.09739407151937485
test/match_cost_mean: -29.159101486206055
test/match_cost_std: 20.062171936035156
test/max_cost: 110.64723205566406
test/prediction_match_rate: 0.334263414144516
test/target_match_rate: 1.0
val/downstream: 0.831
val/downstream-std: 0.007
val/loss: 2.1977596282958984
val/loss__presence: 0.0547683984041214
val/loss_channel_type: 7.414643187075853e-05
val/loss_currency: 0.06268379837274551
val/loss_labels: 0.5159730911254883
val/loss_log_amount: 0.6588461995124817
val/loss_timestamps: 0.8093138337135315
val/loss_trx_category: 0.09609995782375336
val/match_cost_mean: -29.149139404296875
val/match_cost_std: 20.043033599853516
val/max_cost: 110.6652603149414
val/prediction_match_rate: 0.33410415053367615
val/target_match_rate: 1.0
