date: '2025-04-30 19:01:27'
test/accuracy-target_flag: 0.7559999823570251
test/batch-accuracy-target_flag: 0.7559999823570251
test/downstream: 0.8080000281333923
test/loss: 0.561870276927948
test/loss_target_flag: 0.561870276927948
val/accuracy-target_flag: 0.7559999823570251
val/batch-accuracy-target_flag: 0.7559999823570251
val/downstream: 0.8790000081062317
val/loss: 0.561870276927948
val/loss_target_flag: 0.561870276927948
