date: '2025-04-30 17:52:09'
test/downstream: 0.8140000104904175
test/loss: 9.90843677520752
test/loss__presence: 0.3294013738632202
test/loss_labels: 2.0399863719940186
test/loss_log_amount: 0.9907930493354797
test/loss_next_item_labels: 2.592424154281616
test/loss_next_item_log_amount: 1.236191749572754
test/loss_next_item_timestamps: 0.6156129837036133
test/loss_next_item_trx_category: 0.5344277620315552
test/loss_timestamps: 1.2111687660217285
test/loss_trx_category: 0.3584306240081787
test/match_cost_mean: -3.5484790802001953
test/match_cost_std: 14.329389572143555
test/max_cost: 126.42459869384766
test/prediction_match_rate: 0.3371829092502594
test/target_match_rate: 1.0
val/downstream: 0.8360000252723694
val/loss: 9.912426948547363
val/loss__presence: 0.3295873999595642
val/loss_labels: 2.043292284011841
val/loss_log_amount: 0.9936034679412842
val/loss_next_item_labels: 2.592424154281616
val/loss_next_item_log_amount: 1.236191749572754
val/loss_next_item_timestamps: 0.61505126953125
val/loss_next_item_trx_category: 0.5344277620315552
val/loss_timestamps: 1.2101237773895264
val/loss_trx_category: 0.35772475600242615
val/match_cost_mean: -3.5941383838653564
val/match_cost_std: 14.33760929107666
val/max_cost: 126.37583923339844
val/prediction_match_rate: 0.3369075357913971
val/target_match_rate: 1.0
