date: '2025-05-22 21:42:07'
test/accuracy-target_flag: 0.7639999985694885
test/batch-accuracy-target_flag: 0.7639999985694885
test/downstream: 0.8560000061988831
test/loss: 0.6320949196815491
test/loss_target_flag: 0.6320949196815491
val/accuracy-target_flag: 0.7639999985694885
val/batch-accuracy-target_flag: 0.7639999985694885
val/downstream: 0.8479999899864197
val/loss: 0.6320949196815491
val/loss_target_flag: 0.6320949196815491
