date: '2025-05-22 21:19:41'
test/accuracy-target_flag: 0.7559999823570251
test/batch-accuracy-target_flag: 0.7559999823570251
test/downstream: 0.847000002861023
test/loss: 0.6314898729324341
test/loss_target_flag: 0.6314898729324341
val/accuracy-target_flag: 0.7559999823570251
val/batch-accuracy-target_flag: 0.7559999823570251
val/downstream: 0.8759999871253967
val/loss: 0.6314898729324341
val/loss_target_flag: 0.6314898729324341
