date: '2025-06-09 21:15:31'
test/downstream: 0.8339999914169312
test/loss: 5.054036617279053
test/loss_channel_type: 0.00019554367463570088
test/loss_currency: 0.08140585571527481
test/loss_labels: 2.590080499649048
test/loss_log_amount: 1.2367100715637207
test/loss_timestamps: 0.6174992322921753
test/loss_trx_category: 0.5281453728675842
val/downstream: 0.8379999995231628
val/loss: 4.907174110412598
val/loss_channel_type: 0.00016451833653263748
val/loss_currency: 0.05939790979027748
val/loss_labels: 2.5473501682281494
val/loss_log_amount: 1.2062801122665405
val/loss_timestamps: 0.6031304001808167
val/loss_trx_category: 0.49085119366645813
