date: '2025-07-31 20:45:06'
num_seeds: 3
test/downstream: 0.9192999998728434
test/downstream-std: 0.0009626402156950357
test/loss: 1.071685830752055
test/loss-std: 0.001095266625908522
test/loss_labels: 0.8464330832163492
test/loss_labels-std: 0.0009380049922435862
test/loss_timestamps: 0.15721320112546286
test/loss_timestamps-std: 3.9542913473825724e-05
test/loss_types: 0.0680395911137263
test/loss_types-std: 0.0001284930047783033
val/downstream: 0.9259666601816813
val/downstream-std: 0.0005906820945480949
val/loss: 1.0716848770777385
val/loss-std: 0.0010990316580419609
val/loss_labels: 0.8464330832163492
val/loss_labels-std: 0.0009380049922435862
val/loss_timestamps: 0.15721233685811362
val/loss_timestamps-std: 3.9479250441207085e-05
val/loss_types: 0.0680395911137263
val/loss_types-std: 0.0001284930047783033
