date: '2025-07-28 15:57:27'
num_seeds: 3
test/accuracy-target: 0.8579822381337484
test/accuracy-target-std: 0.003646236238735155
test/batch-accuracy-target: 0.8579822381337484
test/batch-accuracy-target-std: 0.003646236238735155
test/downstream: 0.9300000071525574
test/downstream-std: 0.0
test/loss: 0.32291703422864276
test/loss-std: 0.0075025621819950605
test/loss_target: 0.32291703422864276
test/loss_target-std: 0.0075025621819950605
val/accuracy-target: 0.8579822381337484
val/accuracy-target-std: 0.003646236238735155
val/batch-accuracy-target: 0.8579822381337484
val/batch-accuracy-target-std: 0.003646236238735155
val/downstream: 0.9526666601498922
val/downstream-std: 0.004027658089579293
val/loss: 0.32291703422864276
val/loss-std: 0.0075025621819950605
val/loss_target: 0.32291703422864276
val/loss_target-std: 0.0075025621819950605
