date: '2025-07-30 16:33:03'
num_seeds: 3
test/downstream: 0.9193333387374878
test/downstream-std: 0.0016996785639358859
test/loss: 1.0720653136571248
test/loss-std: 0.0015318921723688928
test/loss_labels: 0.8467718958854675
test/loss_labels-std: 0.0014011947850181231
test/loss_timestamps: 0.15727918843428293
test/loss_timestamps-std: 7.740461439097688e-05
test/loss_types: 0.06801433364550273
test/loss_types-std: 6.326608393915732e-05
val/downstream: 0.9243333339691162
val/downstream-std: 0.0012472243116239943
val/loss: 1.0720730622609456
val/loss-std: 0.001531201910079478
val/loss_labels: 0.8467718958854675
val/loss_labels-std: 0.0014011947850181231
val/loss_timestamps: 0.15728708604971567
val/loss_timestamps-std: 7.634726656317594e-05
val/loss_types: 0.06801433364550273
val/loss_types-std: 6.326608393915732e-05
