date: '2025-07-30 17:00:35'
num_seeds: 3
test/downstream: 0.918666660785675
test/downstream-std: 0.0009428250011886995
test/loss: 1.0733798344930012
test/loss-std: 0.002794083978071049
test/loss_labels: 0.8478188316027323
test/loss_labels-std: 0.0023705032333388677
test/loss_timestamps: 0.15728121995925903
test/loss_timestamps-std: 0.00011528864226325217
test/loss_types: 0.06827972580989201
test/loss_types-std: 0.00033194343273821626
val/downstream: 0.9243333339691162
val/downstream-std: 0.0009428250011886995
val/loss: 1.0733824173609416
val/loss-std: 0.0027962109621727446
val/loss_labels: 0.8478188316027323
val/loss_labels-std: 0.0023705032333388677
val/loss_timestamps: 0.15728358427683511
val/loss_timestamps-std: 0.00011583197778806638
val/loss_types: 0.06827972580989201
val/loss_types-std: 0.00033194343273821626
