date: '2025-07-31 22:51:18'
num_seeds: 5
test/downstream: 0.919159996509552
test/downstream-std: 0.00137200759481011
test/loss: 1.0724908828735351
test/loss-std: 0.0014182906406808528
test/loss_labels: 0.8469605326652527
test/loss_labels-std: 0.0013713961885735146
test/loss_timestamps: 0.15730637311935425
test/loss_timestamps-std: 0.00012262456666996572
test/loss_types: 0.06822418123483658
test/loss_types-std: 4.5570584304833134e-05
val/downstream: 0.9253199934959412
val/downstream-std: 0.0010107533960793788
val/loss: 1.0724963426589966
val/loss-std: 0.0014238191037216894
val/loss_labels: 0.8469605326652527
val/loss_labels-std: 0.0013713961885735146
val/loss_timestamps: 0.15731166899204255
val/loss_timestamps-std: 0.00012006480583816082
val/loss_types: 0.06822418123483658
val/loss_types-std: 4.5570584304833134e-05
