date: '2025-07-30 16:09:02'
num_seeds: 3
test/accuracy-target: 0.8574090003967285
test/accuracy-target-std: 0.0014952974670177901
test/batch-accuracy-target: 0.8574090003967285
test/batch-accuracy-target-std: 0.0014952974670177901
test/downstream: 0.9296666781107584
test/downstream-std: 0.0004713984516448461
test/loss: 0.3299144009749095
test/loss-std: 0.003568653832318206
test/loss_target: 0.3299144009749095
test/loss_target-std: 0.003568653832318206
val/accuracy-target: 0.8574090003967285
val/accuracy-target-std: 0.0014952974670177901
val/batch-accuracy-target: 0.8574090003967285
val/batch-accuracy-target-std: 0.0014952974670177901
val/downstream: 0.9543333450953165
val/downstream-std: 0.006342091686568418
val/loss: 0.3299144009749095
val/loss-std: 0.003568653832318206
val/loss_target: 0.3299144009749095
val/loss_target-std: 0.003568653832318206
