date: '2025-07-31 06:21:57'
num_seeds: 5
test/downstream: 0.9148199915885925
test/downstream-std: 0.0016412197485345362
test/loss: 1.0728251457214355
test/loss-std: 0.002632669456078627
test/loss_labels: 0.8474074482917786
test/loss_labels-std: 0.0023678303506094577
test/loss_timestamps: 0.1573067784309387
test/loss_timestamps-std: 0.00010685838795202805
test/loss_types: 0.06811090558767319
test/loss_types-std: 0.0002135905430113478
val/downstream: 0.9212800025939941
val/downstream-std: 0.0016975292423276336
val/loss: 1.0728334426879882
val/loss-std: 0.002626491108585392
val/loss_labels: 0.8474074482917786
val/loss_labels-std: 0.0023678303506094577
val/loss_timestamps: 0.15731519758701323
val/loss_timestamps-std: 0.00010239767602021115
val/loss_types: 0.06811090558767319
val/loss_types-std: 0.0002135905430113478
