date: '2025-07-31 21:13:15'
num_seeds: 3
test/downstream: 0.9188999931017557
test/downstream-std: 0.0009899652477761544
test/loss: 1.0734844605127971
test/loss-std: 0.00423395231246208
test/loss_labels: 0.8479519486427307
test/loss_labels-std: 0.0038966546291145866
test/loss_timestamps: 0.15730180342992148
test/loss_timestamps-std: 0.00011995696027285128
test/loss_types: 0.06823092699050903
test/loss_types-std: 0.0002333014402134462
val/downstream: 0.9247000018755595
val/downstream-std: 0.0006164212162681988
val/loss: 1.0734926859537761
val/loss-std: 0.004231044663666487
val/loss_labels: 0.8479519486427307
val/loss_labels-std: 0.0038966546291145866
val/loss_timestamps: 0.15730977555116019
val/loss_timestamps-std: 0.00011718412202466412
val/loss_types: 0.06823092699050903
val/loss_types-std: 0.0002333014402134462
