date: '2025-07-31 21:00:02'
num_seeds: 3
test/downstream: 0.9198333422342936
test/downstream-std: 0.001975400879177759
test/loss: 1.0695490439732869
test/loss-std: 0.00063584073369711
test/loss_labels: 0.8443852265675863
test/loss_labels-std: 0.0005181377118922654
test/loss_timestamps: 0.1571891208489736
test/loss_timestamps-std: 3.8795791222966645e-05
test/loss_types: 0.06797479589780171
test/loss_types-std: 8.64148954690965e-05
val/downstream: 0.9252666632334391
val/downstream-std: 0.0017461006852486432
val/loss: 1.0695609251658122
val/loss-std: 0.0006314448464450851
val/loss_labels: 0.8443852265675863
val/loss_labels-std: 0.0005181377118922654
val/loss_timestamps: 0.15720094243685404
val/loss_timestamps-std: 3.3180828299738196e-05
val/loss_types: 0.06797479589780171
val/loss_types-std: 8.64148954690965e-05
