date: '2025-07-30 17:07:54'
num_seeds: 3
test/downstream: 0.9196666677792867
test/downstream-std: 0.0012472296215260575
test/loss: 1.0701136986414592
test/loss-std: 0.0010102509636091789
test/loss_labels: 0.8450454076131185
test/loss_labels-std: 0.0008508537819571301
test/loss_timestamps: 0.15720975895722708
test/loss_timestamps-std: 3.249793588459453e-05
test/loss_types: 0.06785865873098373
test/loss_types-std: 0.00014160680044048653
val/downstream: 0.9253333409627279
val/downstream-std: 0.0004713984516448461
val/loss: 1.0701109965642293
val/loss-std: 0.001009767550406809
val/loss_labels: 0.8450454076131185
val/loss_labels-std: 0.0008508537819571301
val/loss_timestamps: 0.15720703701178232
val/loss_timestamps-std: 3.391909600691433e-05
val/loss_types: 0.06785865873098373
val/loss_types-std: 0.00014160680044048653
