date: '2025-07-31 23:13:58'
num_seeds: 5
test/accuracy-target: 0.8593938112258911
test/accuracy-target-std: 0.0026357185206007556
test/batch-accuracy-target: 0.8593938112258911
test/batch-accuracy-target-std: 0.0026357185206007556
test/downstream: 0.930460000038147
test/downstream-std: 0.0004079313890521599
test/loss: 0.32405256032943724
test/loss-std: 0.007361278623235641
test/loss_target: 0.32405256032943724
test/loss_target-std: 0.007361278623235641
val/accuracy-target: 0.8593938112258911
val/accuracy-target-std: 0.0026357185206007556
val/batch-accuracy-target: 0.8593938112258911
val/batch-accuracy-target-std: 0.0026357185206007556
val/downstream: 0.953600001335144
val/downstream-std: 0.001041165678971221
val/loss: 0.32405256032943724
val/loss-std: 0.007361278623235641
val/loss_target: 0.32405256032943724
val/loss_target-std: 0.007361278623235641
