date: '2025-07-31 23:13:39'
num_seeds: 5
test/accuracy-target: 0.8559974074363709
test/accuracy-target-std: 0.0029161886122151593
test/batch-accuracy-target: 0.8559974074363709
test/batch-accuracy-target-std: 0.0029161886122151593
test/downstream: 0.930079984664917
test/downstream-std: 0.0007652558318222279
test/loss: 0.3326800107955933
test/loss-std: 0.004537818079347364
test/loss_target: 0.3326800107955933
test/loss_target-std: 0.004537818079347364
val/accuracy-target: 0.8559974074363709
val/accuracy-target-std: 0.0029161886122151593
val/batch-accuracy-target: 0.8559974074363709
val/batch-accuracy-target-std: 0.0029161886122151593
val/downstream: 0.9503000020980835
val/downstream-std: 0.003971399078350495
val/loss: 0.3326800107955933
val/loss-std: 0.004537818079347364
val/loss_target: 0.3326800107955933
val/loss_target-std: 0.004537818079347364
