date: '2025-07-28 19:08:13'
num_seeds: 5
test/accuracy-target: 0.8560404062271119
test/accuracy-target-std: 0.0029549172386753413
test/batch-accuracy-target: 0.8560404062271119
test/batch-accuracy-target-std: 0.0029549172386753413
test/downstream: 0.9304000020027161
test/downstream-std: 0.0007999897003173828
test/loss: 0.332680344581604
test/loss-std: 0.004539712480901656
test/loss_target: 0.332680344581604
test/loss_target-std: 0.004539712480901656
val/accuracy-target: 0.8560404062271119
val/accuracy-target-std: 0.0029549172386753413
val/batch-accuracy-target: 0.8560404062271119
val/batch-accuracy-target-std: 0.0029549172386753413
val/downstream: 0.95
val/downstream-std: 0.004098771162356911
val/loss: 0.332680344581604
val/loss-std: 0.004539712480901656
val/loss_target: 0.332680344581604
val/loss_target-std: 0.004539712480901656
