date: '2025-07-30 17:08:15'
num_seeds: 3
test/downstream: 0.9196666876475016
test/downstream-std: 0.0004713984516448461
test/loss: 1.0735272566477458
test/loss-std: 0.001731969474515072
test/loss_labels: 0.848045547803243
test/loss_labels-std: 0.0017111381622397016
test/loss_timestamps: 0.1573078582684199
test/loss_timestamps-std: 3.9880996227176326e-05
test/loss_types: 0.06817376365264256
test/loss_types-std: 6.180188246653866e-05
val/downstream: 0.9256666700045267
val/downstream-std: 0.0004713984516448461
val/loss: 1.0735393365224202
val/loss-std: 0.0017259092022121729
val/loss_labels: 0.848045547803243
val/loss_labels-std: 0.0017111381622397016
val/loss_timestamps: 0.15732014179229736
val/loss_timestamps-std: 4.421333646525155e-05
val/loss_types: 0.06817376365264256
val/loss_types-std: 6.180188246653866e-05
