date: '2025-07-30 17:01:11'
num_seeds: 3
test/downstream: 0.9199999968210856
test/downstream-std: 0.0021602466787431
test/loss: 1.0695490439732869
test/loss-std: 0.00063584073369711
test/loss_labels: 0.8443852265675863
test/loss_labels-std: 0.0005181377118922654
test/loss_timestamps: 0.1571891208489736
test/loss_timestamps-std: 3.8795791222966645e-05
test/loss_types: 0.06797479589780171
test/loss_types-std: 8.64148954690965e-05
val/downstream: 0.9253333210945129
val/downstream-std: 0.0016996785639358859
val/loss: 1.0695609251658122
val/loss-std: 0.0006314448464450851
val/loss_labels: 0.8443852265675863
val/loss_labels-std: 0.0005181377118922654
val/loss_timestamps: 0.15720094243685404
val/loss_timestamps-std: 3.3180828299738196e-05
val/loss_types: 0.06797479589780171
val/loss_types-std: 8.64148954690965e-05
