date: '2025-07-30 16:08:25'
num_seeds: 3
test/accuracy-target: 0.8543637196222941
test/accuracy-target-std: 0.006557210538907042
test/batch-accuracy-target: 0.8543637196222941
test/batch-accuracy-target-std: 0.006557210538907042
test/downstream: 0.9286666711171468
test/downstream-std: 0.0004714265495438534
test/loss: 0.3314077953497569
test/loss-std: 0.002964841550680773
test/loss_target: 0.3314077953497569
test/loss_target-std: 0.002964841550680773
val/accuracy-target: 0.8543637196222941
val/accuracy-target-std: 0.006557210538907042
val/batch-accuracy-target: 0.8543637196222941
val/batch-accuracy-target-std: 0.006557210538907042
val/downstream: 0.9513333439826965
val/downstream-std: 0.003091194218895737
val/loss: 0.3314077953497569
val/loss-std: 0.002964841550680773
val/loss_target: 0.3314077953497569
val/loss_target-std: 0.002964841550680773
