date: '2025-07-31 20:29:07'
num_seeds: 3
test/downstream: 0.9195000131924947
test/downstream-std: 0.0009273593368978342
test/loss: 1.0736589431762695
test/loss-std: 0.004041123867816967
test/loss_labels: 0.8482165733973185
test/loss_labels-std: 0.0037477524458095907
test/loss_timestamps: 0.1572408825159073
test/loss_timestamps-std: 5.665214151379206e-05
test/loss_types: 0.0682016909122467
test/loss_types-std: 0.0002522797525461109
val/downstream: 0.9253333409627279
val/downstream-std: 0.0009030857992788854
val/loss: 1.0736719369888306
val/loss-std: 0.004046989433068098
val/loss_labels: 0.8482165733973185
val/loss_labels-std: 0.0037477524458095907
val/loss_timestamps: 0.15725367764631906
val/loss_timestamps-std: 6.0838850924168275e-05
val/loss_types: 0.0682016909122467
val/loss_types-std: 0.0002522797525461109
