date: '2025-07-30 16:31:41'
num_seeds: 3
test/downstream: 0.9136666655540466
test/downstream-std: 0.0009428250011886995
test/loss: 1.0697635412216187
test/loss-std: 0.001629043187391119
test/loss_labels: 0.8445704976717631
test/loss_labels-std: 0.0015056754161463335
test/loss_timestamps: 0.1572831670443217
test/loss_timestamps-std: 0.0001280366008389096
test/loss_types: 0.06790999571482341
test/loss_types-std: 1.9228221072034634e-05
val/downstream: 0.9200000166893005
val/downstream-std: 0.0014141953549345384
val/loss: 1.0697708129882812
val/loss-std: 0.0016311229344481506
val/loss_labels: 0.8445704976717631
val/loss_labels-std: 0.0015056754161463335
val/loss_timestamps: 0.15729032456874847
val/loss_timestamps-std: 0.000128730668999893
val/loss_types: 0.06790999571482341
val/loss_types-std: 1.9228221072034634e-05
