date: '2025-07-31 20:44:36'
num_seeds: 3
test/accuracy-target: 0.8543637196222941
test/accuracy-target-std: 0.006557210538907042
test/batch-accuracy-target: 0.8543637196222941
test/batch-accuracy-target-std: 0.006557210538907042
test/downstream: 0.9285333355267843
test/downstream-std: 0.0006944401759402641
test/loss: 0.3314077953497569
test/loss-std: 0.002964841550680773
test/loss_target: 0.3314077953497569
test/loss_target-std: 0.002964841550680773
val/accuracy-target: 0.8543637196222941
val/accuracy-target-std: 0.006557210538907042
val/batch-accuracy-target: 0.8543637196222941
val/batch-accuracy-target-std: 0.006557210538907042
val/downstream: 0.9510999917984009
val/downstream-std: 0.002782078010693503
val/loss: 0.3314077953497569
val/loss-std: 0.002964841550680773
val/loss_target: 0.3314077953497569
val/loss_target-std: 0.002964841550680773
