date: '2025-07-24 21:59:07'
num_seeds: 5
test/downstream: 0.9190000176429749
test/downstream-std: 0.0010954527761712963
test/loss: 1.072492241859436
test/loss-std: 0.0014169072053045906
test/loss_labels: 0.8469613790512085
test/loss_labels-std: 0.001370963855780538
test/loss_timestamps: 0.15730630457401276
test/loss_timestamps-std: 0.0001231438360752683
test/loss_types: 0.06822437345981598
test/loss_types-std: 4.5291783115870576e-05
val/downstream: 0.925600004196167
val/downstream-std: 0.0010197907731478947
val/loss: 1.0724975347518921
val/loss-std: 0.0014227297596860122
val/loss_labels: 0.8469613790512085
val/loss_labels-std: 0.001370963855780538
val/loss_timestamps: 0.15731163024902345
val/loss_timestamps-std: 0.00012057761586669471
val/loss_types: 0.06822437345981598
val/loss_types-std: 4.5291783115870576e-05
