date: '2025-07-30 17:05:59'
num_seeds: 3
test/downstream: 0.91866668065389
test/downstream-std: 0.0012472296215260575
test/loss: 1.0737608671188354
test/loss-std: 0.002328161132029551
test/loss_labels: 0.8481273452440897
test/loss_labels-std: 0.0019768182087061743
test/loss_timestamps: 0.15730121235052744
test/loss_timestamps-std: 6.440574268570798e-05
test/loss_types: 0.06833202640215556
test/loss_types-std: 0.00028942857088694253
val/downstream: 0.9243333538373312
val/downstream-std: 0.0004713984516448461
val/loss: 1.0737748543421428
val/loss-std: 0.0023324875689928683
val/loss_labels: 0.8481273452440897
val/loss_labels-std: 0.0019768182087061743
val/loss_timestamps: 0.1573149710893631
val/loss_timestamps-std: 6.801195233399557e-05
val/loss_types: 0.06833202640215556
val/loss_types-std: 0.00028942857088694253
