date: '2025-07-30 16:22:43'
num_seeds: 3
test/accuracy-target: 0.8579822381337484
test/accuracy-target-std: 0.003646236238735155
test/batch-accuracy-target: 0.8579822381337484
test/batch-accuracy-target-std: 0.003646236238735155
test/downstream: 0.9296666781107584
test/downstream-std: 0.00047139845164484613
test/loss: 0.3229186038176219
test/loss-std: 0.007503101108862126
test/loss_target: 0.3229186038176219
test/loss_target-std: 0.007503101108862126
val/accuracy-target: 0.8579822381337484
val/accuracy-target-std: 0.003646236238735155
val/batch-accuracy-target: 0.8579822381337484
val/batch-accuracy-target-std: 0.003646236238735155
val/downstream: 0.9526666601498922
val/downstream-std: 0.004027658089579293
val/loss: 0.3229186038176219
val/loss-std: 0.007503101108862126
val/loss_target: 0.3229186038176219
val/loss_target-std: 0.007503101108862126
