date: '2025-07-31 20:28:24'
num_seeds: 3
test/downstream: 0.9206999937693278
test/downstream-std: 0.0006976310658436666
test/loss: 1.0694316228230794
test/loss-std: 0.0001345777083487489
test/loss_labels: 0.84428338209788
test/loss_labels-std: 0.0002221233036271368
test/loss_timestamps: 0.1572183519601822
test/loss_timestamps-std: 5.6918800073125636e-05
test/loss_types: 0.06793004026015599
test/loss_types-std: 4.296636432873795e-05
val/downstream: 0.9255666534105936
val/downstream-std: 0.0009809462071323483
val/loss: 1.069438060124715
val/loss-std: 0.0001269465813549686
val/loss_labels: 0.84428338209788
val/loss_labels-std: 0.0002221233036271368
val/loss_timestamps: 0.15722470978895822
val/loss_timestamps-std: 7.117376790643626e-05
val/loss_types: 0.06793004026015599
val/loss_types-std: 4.296636432873795e-05
