date: '2025-07-29 09:04:57'
num_seeds: 3
test/accuracy-target: 0.8575881520907084
test/accuracy-target-std: 0.0019876614184018678
test/batch-accuracy-target: 0.8575881520907084
test/batch-accuracy-target-std: 0.0019876614184018678
test/downstream: 0.9303333361943563
test/downstream-std: 0.0004713984516448461
test/loss: 0.3235575159390767
test/loss-std: 0.002996781722801637
test/loss_target: 0.3235575159390767
test/loss_target-std: 0.002996781722801637
val/accuracy-target: 0.8575881520907084
val/accuracy-target-std: 0.0019876614184018678
val/batch-accuracy-target: 0.8575881520907084
val/batch-accuracy-target-std: 0.0019876614184018678
val/downstream: 0.952999989191691
val/downstream-std: 0.003559008175395332
val/loss: 0.3235575159390767
val/loss-std: 0.002996781722801637
val/loss_target: 0.3235575159390767
val/loss_target-std: 0.002996781722801637
