date: '2025-07-30 16:32:53'
num_seeds: 3
test/downstream: 0.9203333457310995
test/downstream-std: 0.0009427969032896923
test/loss: 1.0740936994552612
test/loss-std: 0.002030133181388959
test/loss_labels: 0.8485520482063293
test/loss_labels-std: 0.00188885508575365
test/loss_timestamps: 0.15723560253779092
test/loss_timestamps-std: 6.528276136275185e-05
test/loss_types: 0.0683059295018514
test/loss_types-std: 0.00011592780710759757
val/downstream: 0.9253333409627279
val/downstream-std: 0.0009427969032896923
val/loss: 1.0741012493769329
val/loss-std: 0.002024692186903084
val/loss_labels: 0.8485520482063293
val/loss_labels-std: 0.00188885508575365
val/loss_timestamps: 0.1572431723276774
val/loss_timestamps-std: 5.7251889387811964e-05
val/loss_types: 0.0683059295018514
val/loss_types-std: 0.00011592780710759757
