date: '2025-07-30 16:07:27'
num_seeds: 3
test/accuracy-target: 0.855080246925354
test/accuracy-target-std: 0.003021383987414741
test/batch-accuracy-target: 0.855080246925354
test/batch-accuracy-target-std: 0.003021383987414741
test/downstream: 0.9306666652361552
test/downstream-std: 0.00047139845164484613
test/loss: 0.33060310284296673
test/loss-std: 0.004247116920000749
test/loss_target: 0.33060310284296673
test/loss_target-std: 0.004247116920000749
val/accuracy-target: 0.855080246925354
val/accuracy-target-std: 0.003021383987414741
val/batch-accuracy-target: 0.855080246925354
val/batch-accuracy-target-std: 0.003021383987414741
val/downstream: 0.9513333439826965
val/downstream-std: 0.003091194218895737
val/loss: 0.33060310284296673
val/loss-std: 0.004247116920000749
val/loss_target: 0.33060310284296673
val/loss_target-std: 0.004247116920000749
