date: '2025-07-24 21:58:41'
num_seeds: 5
test/downstream: 0.9192000031471252
test/downstream-std: 0.0014697025019362931
test/loss: 1.0728267669677733
test/loss-std: 0.0026339447003118966
test/loss_labels: 0.8474084734916687
test/loss_labels-std: 0.002368554920011508
test/loss_timestamps: 0.15730721056461333
test/loss_timestamps-std: 0.00010722236184513277
test/loss_types: 0.06811099350452424
test/loss_types-std: 0.0002137331045634306
val/downstream: 0.9252000093460083
val/downstream-std: 0.0007483218428839018
val/loss: 1.0728350639343263
val/loss-std: 0.0026280083039043212
val/loss_labels: 0.8474084734916687
val/loss_labels-std: 0.002368554920011508
val/loss_timestamps: 0.15731563568115234
val/loss_timestamps-std: 0.00010271212344549287
val/loss_types: 0.06811099350452424
val/loss_types-std: 0.0002137331045634306
