date: '2025-07-30 17:20:36'
num_seeds: 3
test/accuracy-target: 0.8589137395222982
test/accuracy-target-std: 0.0025575398581510955
test/batch-accuracy-target: 0.8589137395222982
test/batch-accuracy-target-std: 0.0025575398581510955
test/downstream: 0.9303333361943563
test/downstream-std: 0.0004713984516448461
test/loss: 0.32697921991348267
test/loss-std: 0.004357324395993375
test/loss_target: 0.32697921991348267
test/loss_target-std: 0.004357324395993375
val/accuracy-target: 0.8589137395222982
val/accuracy-target-std: 0.0025575398581510955
val/batch-accuracy-target: 0.8589137395222982
val/batch-accuracy-target-std: 0.0025575398581510955
val/downstream: 0.953000009059906
val/downstream-std: 0.0045460501116126135
val/loss: 0.32697921991348267
val/loss-std: 0.004357324395993375
val/loss_target: 0.32697921991348267
val/loss_target-std: 0.004357324395993375
