date: '2025-07-31 20:56:17'
num_seeds: 3
test/accuracy-target: 0.8579822381337484
test/accuracy-target-std: 0.003646236238735155
test/batch-accuracy-target: 0.8579822381337484
test/batch-accuracy-target-std: 0.003646236238735155
test/downstream: 0.9297666748364767
test/downstream-std: 0.00044969371015418213
test/loss: 0.3229186038176219
test/loss-std: 0.007503101108862126
test/loss_target: 0.3229186038176219
test/loss_target-std: 0.007503101108862126
val/accuracy-target: 0.8579822381337484
val/accuracy-target-std: 0.003646236238735155
val/batch-accuracy-target: 0.8579822381337484
val/batch-accuracy-target-std: 0.003646236238735155
val/downstream: 0.9525000055631002
val/downstream-std: 0.003967364683933254
val/loss: 0.3229186038176219
val/loss-std: 0.007503101108862126
val/loss_target: 0.3229186038176219
val/loss_target-std: 0.007503101108862126
