date: '2026-03-14 04:37:40'
num_seeds: 5
test/accuracy-target_flag: 0.7187999963760376
test/accuracy-target_flag-std: 0.005741075060991544
test/downstream-accuracy: 0.7615999817848206
test/downstream-accuracy-std: 0.010762898454370765
test/downstream-auroc: 0.8319532990455627
test/downstream-auroc-std: 0.004937100651065265
test/loss: 5.816052722930908
test/loss-std: 0.0644416570357146
test/loss_1_batch-accuracy-target_flag: 0.7248000025749206
test/loss_1_batch-accuracy-target_flag-std: 0.005878759718406043
test/loss_1_nans-target_flag: 0.0
test/loss_1_nans-target_flag-std: 0.0
test/loss_loss_0_channel_type: 0.000235309696290642
test/loss_loss_0_channel_type-std: 0.00021799152501175608
test/loss_loss_0_currency: 0.0852015346288681
test/loss_loss_0_currency-std: 0.005792792640990059
test/loss_loss_0_labels: 2.6809361457824705
test/loss_loss_0_labels-std: 0.046429032164937586
test/loss_loss_0_log_amount: 1.2615505933761597
test/loss_loss_0_log_amount-std: 0.01098350966404234
test/loss_loss_0_timestamps: 0.6146562933921814
test/loss_loss_0_timestamps-std: 0.0027466908144538793
test/loss_loss_0_trx_category: 0.5457886934280396
test/loss_loss_0_trx_category-std: 0.007416586539463751
test/loss_loss_1_target_flag: 0.6276840329170227
test/loss_loss_1_target_flag-std: 0.002873439130447513
test/macro-auc-target_flag: 0.7932177424430847
test/macro-auc-target_flag-std: 0.010152713363362435
val/accuracy-target_flag: 0.7410309195518494
val/accuracy-target_flag-std: 0.022458132051131306
val/downstream-accuracy: 0.7975257873535156
val/downstream-accuracy-std: 0.0077587159084834545
val/downstream-auroc: 0.8649726867675781
val/downstream-auroc-std: 0.004605109188231826
val/loss: 5.593863773345947
val/loss-std: 0.06688256302867356
val/loss_1_batch-accuracy-target_flag: 0.7300411224365234
val/loss_1_batch-accuracy-target_flag-std: 0.022779174819902454
val/loss_1_nans-target_flag: 0.0
val/loss_1_nans-target_flag-std: 0.0
val/loss_loss_0_channel_type: 0.0004521501003182493
val/loss_loss_0_channel_type-std: 0.0005475345692747079
val/loss_loss_0_currency: 0.06958450824022293
val/loss_loss_0_currency-std: 0.005299229821083498
val/loss_loss_0_labels: 2.627977228164673
val/loss_loss_0_labels-std: 0.04608542946673805
val/loss_loss_0_log_amount: 1.2148852348327637
val/loss_loss_0_log_amount-std: 0.009743342598330363
val/loss_loss_0_timestamps: 0.5774923324584961
val/loss_loss_0_timestamps-std: 0.004064132647146292
val/loss_loss_0_trx_category: 0.4761667251586914
val/loss_loss_0_trx_category-std: 0.007533602800320714
val/loss_loss_1_target_flag: 0.6273055672645569
val/loss_loss_1_target_flag-std: 0.0033086240006776966
val/macro-auc-target_flag: 0.8288965225219727
val/macro-auc-target_flag-std: 0.014988346309603086
