date: '2026-03-15 04:19:35'
num_seeds: 5
test/accuracy-target_flag: 0.7564000010490417
test/accuracy-target_flag-std: 0.017408034473505803
test/batch-accuracy-target_flag: 0.7688000082969666
test/batch-accuracy-target_flag-std: 0.01723253463480265
test/downstream-accuracy: 0.7612000107765198
test/downstream-accuracy-std: 0.011702993600110508
test/downstream-auroc: 0.8466900706291198
test/downstream-auroc-std: 0.003764209171115236
test/loss: 0.5199525117874145
test/loss-std: 0.03927351360749156
test/loss_target_flag: 0.5199525117874145
test/loss_target_flag-std: 0.03927351360749156
test/macro-auc-target_flag: 0.8320753097534179
test/macro-auc-target_flag-std: 0.007024466044120767
val/accuracy-target_flag: 0.7760824799537659
val/accuracy-target_flag-std: 0.017813280481070677
val/batch-accuracy-target_flag: 0.7827160120010376
val/batch-accuracy-target_flag-std: 0.031058396336691562
val/downstream-accuracy: 0.8045360803604126
val/downstream-accuracy-std: 0.003547342799558271
val/downstream-auroc: 0.8727038502693176
val/downstream-auroc-std: 0.004117257832763185
val/loss: 0.5254337966442109
val/loss-std: 0.042561404460707504
val/loss_target_flag: 0.5254337966442109
val/loss_target_flag-std: 0.042561404460707504
val/macro-auc-target_flag: 0.8521630167961121
val/macro-auc-target_flag-std: 0.0038880336654962613
