date: '2026-03-15 04:13:15'
num_seeds: 5
test/accuracy-target_flag: 0.7303999900817871
test/accuracy-target_flag-std: 0.01957141570579421
test/batch-accuracy-target_flag: 0.7376000165939331
test/batch-accuracy-target_flag-std: 0.017453929950496085
test/downstream-accuracy: 0.7427999973297119
test/downstream-accuracy-std: 0.007440421461277047
test/downstream-auroc: 0.8241743803024292
test/downstream-auroc-std: 0.008173153362391432
test/loss: 0.5242362082004547
test/loss-std: 0.013358358239854295
test/loss_target_flag: 0.5242362082004547
test/loss_target_flag-std: 0.013358358239854295
test/macro-auc-target_flag: 0.8203277945518493
test/macro-auc-target_flag-std: 0.010094987601243246
val/accuracy-target_flag: 0.7802061915397644
val/accuracy-target_flag-std: 0.013079381152159586
val/batch-accuracy-target_flag: 0.781893002986908
val/batch-accuracy-target_flag-std: 0.018947926644425742
val/downstream-accuracy: 0.7901031017303467
val/downstream-accuracy-std: 0.005117395533858206
val/downstream-auroc: 0.8588770985603332
val/downstream-auroc-std: 0.0007593098695466567
val/loss: 0.495036655664444
val/loss-std: 0.007952936181789492
val/loss_target_flag: 0.495036655664444
val/loss_target_flag-std: 0.007952936181789492
val/macro-auc-target_flag: 0.8554478883743286
val/macro-auc-target_flag-std: 0.0030762431844712575
