date: '2026-03-15 04:17:11'
num_seeds: 5
test/accuracy-target_flag: 0.7552000045776367
test/accuracy-target_flag-std: 0.007959891067048006
test/batch-accuracy-target_flag: 0.7648000240325927
test/batch-accuracy-target_flag-std: 0.012749911343161661
test/downstream-accuracy: 0.7639999866485596
test/downstream-accuracy-std: 0.010039928791363114
test/downstream-auroc: 0.8422317743301392
test/downstream-auroc-std: 0.0061877779075518585
test/loss: 0.5076759040355683
test/loss-std: 0.0399995780578387
test/loss_target_flag: 0.5076759040355683
test/loss_target_flag-std: 0.0399995780578387
test/macro-auc-target_flag: 0.8297315955162048
test/macro-auc-target_flag-std: 0.009956688024647447
val/accuracy-target_flag: 0.7781443357467651
val/accuracy-target_flag-std: 0.01177967595977649
val/batch-accuracy-target_flag: 0.7909464597702026
val/batch-accuracy-target_flag-std: 0.010213720920061588
val/downstream-accuracy: 0.7979381561279297
val/downstream-accuracy-std: 0.006649287355132203
val/downstream-auroc: 0.8740095496177673
val/downstream-auroc-std: 0.002264345010450918
val/loss: 0.49203786849975584
val/loss-std: 0.03110158648308347
val/loss_target_flag: 0.49203786849975584
val/loss_target_flag-std: 0.03110158648308347
val/macro-auc-target_flag: 0.8553224802017212
val/macro-auc-target_flag-std: 0.0037071478403343534
