date: '2026-03-14 04:25:45'
num_seeds: 5
test/downstream-accuracy: 0.7628000020980835
test/downstream-accuracy-std: 0.009927732138693893
test/downstream-auroc: 0.8407775640487671
test/downstream-auroc-std: 0.005697352769542469
test/loss: 5.043980503082276
test/loss-std: 0.02317455595039652
test/loss_channel_type: 0.00019537636690074577
test/loss_channel_type-std: 0.00015055138236550746
test/loss_currency: 0.08127645701169968
test/loss_currency-std: 0.0017850138858469119
test/loss_labels: 2.5765716552734377
test/loss_labels-std: 0.014670771574187048
test/loss_log_amount: 1.2360347986221314
test/loss_log_amount-std: 0.003979857393603531
test/loss_timestamps: 0.6174619197845459
test/loss_timestamps-std: 0.0014955945877055845
test/loss_trx_category: 0.5324401497840882
test/loss_trx_category-std: 0.0015822244246647325
val/downstream-accuracy: 0.791752564907074
val/downstream-accuracy-std: 0.008038590084032002
val/downstream-auroc: 0.8728515982627869
val/downstream-auroc-std: 0.005265673695500665
val/loss: 4.827917957305909
val/loss-std: 0.0263009807545803
val/loss_channel_type: 0.00022383814939530566
val/loss_channel_type-std: 0.00017500011328789084
val/loss_currency: 0.06459097638726234
val/loss_currency-std: 0.002226368819936716
val/loss_labels: 2.5320414543151855
val/loss_labels-std: 0.016536730014045025
val/loss_log_amount: 1.1875658273696899
val/loss_log_amount-std: 0.0037177194610480044
val/loss_timestamps: 0.5803877592086792
val/loss_timestamps-std: 0.0015384608659243407
val/loss_trx_category: 0.46310813426971437
val/loss_trx_category-std: 0.002665017875949603
