date: '2026-03-14 16:07:43'
num_seeds: 2
test/accuracy-target_flag: 0.6990000009536743
test/accuracy-target_flag-std: 0.003000020980834961
test/downstream-accuracy: 0.7470000088214874
test/downstream-accuracy-std: 0.006999999284744263
test/downstream-auroc: 0.8244711458683014
test/downstream-auroc-std: 0.007073253393173218
test/loss: 5.774362087249756
test/loss-std: 0.009084224700927734
test/loss_1_batch-accuracy-target_flag: 0.7239999771118164
test/loss_1_batch-accuracy-target_flag-std: 0.0
test/loss_1_nans-target_flag: 0.0
test/loss_1_nans-target_flag-std: 0.0
test/loss_loss_0_channel_type: 0.0008078526007011533
test/loss_loss_0_channel_type-std: 0.00010542571544647217
test/loss_loss_0_currency: 0.08075165003538132
test/loss_loss_0_currency-std: 0.00010125339031219482
test/loss_loss_0_labels: 2.6622904539108276
test/loss_loss_0_labels-std: 0.0003050565719604492
test/loss_loss_0_log_amount: 1.2527335286140442
test/loss_loss_0_log_amount-std: 0.0070157647132873535
test/loss_loss_0_timestamps: 0.6149483323097229
test/loss_loss_0_timestamps-std: 0.0007339715957641602
test/loss_loss_0_trx_category: 0.5380467772483826
test/loss_loss_0_trx_category-std: 1.996755599975586e-05
test/loss_loss_1_target_flag: 0.6247833967208862
test/loss_loss_1_target_flag-std: 0.0008025765419006348
test/macro-auc-target_flag: 0.7775799334049225
test/macro-auc-target_flag-std: 0.0032645761966705322
val/accuracy-target_flag: 0.7381443381309509
val/accuracy-target_flag-std: 0.0020618438720703125
val/downstream-accuracy: 0.7680412232875824
val/downstream-accuracy-std: 0.005154639482498169
val/downstream-auroc: 0.8462014198303223
val/downstream-auroc-std: 0.00271451473236084
val/loss: 5.560163259506226
val/loss-std: 0.010981321334838867
val/loss_1_batch-accuracy-target_flag: 0.728395015001297
val/loss_1_batch-accuracy-target_flag-std: 0.004115194082260132
val/loss_1_nans-target_flag: 0.0
val/loss_1_nans-target_flag-std: 0.0
val/loss_loss_0_channel_type: 0.0011156407999806106
val/loss_loss_0_channel_type-std: 0.00025216612266376615
val/loss_loss_0_currency: 0.06648869812488556
val/loss_loss_0_currency-std: 0.0011089593172073364
val/loss_loss_0_labels: 2.6088274717330933
val/loss_loss_0_labels-std: 0.0027960538864135742
val/loss_loss_0_log_amount: 1.2107402086257935
val/loss_loss_0_log_amount-std: 0.0057392120361328125
val/loss_loss_0_timestamps: 0.5793845355510712
val/loss_loss_0_timestamps-std: 0.0008329451084136963
val/loss_loss_0_trx_category: 0.4684353917837143
val/loss_loss_0_trx_category-std: 0.0005200058221817017
val/loss_loss_1_target_flag: 0.6251714825630188
val/loss_loss_1_target_flag-std: 0.001949906349182129
val/macro-auc-target_flag: 0.8236607909202576
val/macro-auc-target_flag-std: 0.005841314792633057
