date: '2026-03-16 22:43:49'
num_seeds: 5
test/accuracy-target_flag: 0.723199987411499
test/accuracy-target_flag-std: 0.014062711934173883
test/batch-accuracy-target_flag: 0.7223999977111817
test/batch-accuracy-target_flag-std: 0.017083314605464507
test/downstream-accuracy: 0.7408000111579895
test/downstream-accuracy-std: 0.015929838073833615
test/downstream-auroc: 0.8240424752235412
test/downstream-auroc-std: 0.005044899972381493
test/loss: 0.5308923244476318
test/loss-std: 0.01977275469632483
test/loss_target_flag: 0.5308923244476318
test/loss_target_flag-std: 0.01977275469632483
test/macro-auc-target_flag: 0.8120196104049683
test/macro-auc-target_flag-std: 0.010480034651735253
val/accuracy-target_flag: 0.7624742388725281
val/accuracy-target_flag-std: 0.023268843225927233
val/batch-accuracy-target_flag: 0.7679012179374695
val/batch-accuracy-target_flag-std: 0.026104926729085334
val/downstream-accuracy: 0.7806185483932495
val/downstream-accuracy-std: 0.00606060148821289
val/downstream-auroc: 0.856004536151886
val/downstream-auroc-std: 0.0064064778548383
val/loss: 0.5008210957050323
val/loss-std: 0.02113349105412607
val/loss_target_flag: 0.5008210957050323
val/loss_target_flag-std: 0.02113349105412607
val/macro-auc-target_flag: 0.8512644648551941
val/macro-auc-target_flag-std: 0.009985205609068026
