date: '2026-03-14 15:55:15'
num_seeds: 5
test/downstream-accuracy: 0.7632000088691712
test/downstream-accuracy-std: 0.00639999210835544
test/downstream-auroc: 0.8503965377807617
test/downstream-auroc-std: 0.003795092558895007
test/loss: 5.042316818237305
test/loss-std: 0.020490159830827602
test/loss_channel_type: 0.00014772438298678027
test/loss_channel_type-std: 8.82797636213117e-05
test/loss_currency: 0.08193076103925705
test/loss_currency-std: 0.0035790119477405596
test/loss_labels: 2.5750619888305666
test/loss_labels-std: 0.012043487722550816
test/loss_log_amount: 1.235375666618347
test/loss_log_amount-std: 0.0026324534883035585
test/loss_timestamps: 0.6173244476318359
test/loss_timestamps-std: 0.000798896458661629
test/loss_trx_category: 0.5324763894081116
test/loss_trx_category-std: 0.0019255219615381875
val/downstream-accuracy: 0.8065979361534119
val/downstream-accuracy-std: 0.007307239045818229
val/downstream-auroc: 0.877565884590149
val/downstream-auroc-std: 0.0018165722264344851
val/loss: 4.825357723236084
val/loss-std: 0.019694999488320753
val/loss_channel_type: 0.00016072767321020364
val/loss_channel_type-std: 0.00014310833074496904
val/loss_currency: 0.06458696573972703
val/loss_currency-std: 0.0021996754699531644
val/loss_labels: 2.5316062450408934
val/loss_labels-std: 0.011440063529940321
val/loss_log_amount: 1.1861686706542969
val/loss_log_amount-std: 0.0029202589571168712
val/loss_timestamps: 0.5798629403114319
val/loss_timestamps-std: 0.000977612508411523
val/loss_trx_category: 0.46297208666801454
val/loss_trx_category-std: 0.002551263107525221
