date: '2026-03-16 22:55:40'
num_seeds: 5
test/accuracy-target_flag: 0.7615999937057495
test/accuracy-target_flag-std: 0.012026639668753836
test/batch-accuracy-target_flag: 0.7656000256538391
test/batch-accuracy-target_flag-std: 0.005425859163577617
test/downstream-accuracy: 0.7559999823570251
test/downstream-accuracy-std: 0.009879274355851009
test/downstream-auroc: 0.834426474571228
test/downstream-auroc-std: 0.010407729741720752
test/loss: 0.4828102171421051
test/loss-std: 0.010382667555120934
test/loss_target_flag: 0.4828102171421051
test/loss_target_flag-std: 0.010382667555120934
test/macro-auc-target_flag: 0.8364684700965881
test/macro-auc-target_flag-std: 0.0064393560669328545
val/accuracy-target_flag: 0.7777319550514221
val/accuracy-target_flag-std: 0.007758730481072741
val/batch-accuracy-target_flag: 0.8049382328987121
val/batch-accuracy-target_flag-std: 0.010918908465623534
val/downstream-accuracy: 0.7859793901443481
val/downstream-accuracy-std: 0.006572104482114883
val/downstream-auroc: 0.856001102924347
val/downstream-auroc-std: 0.00731868929991075
val/loss: 0.4792856812477112
val/loss-std: 0.011001859564335392
val/loss_target_flag: 0.4792856812477112
val/loss_target_flag-std: 0.011001859564335392
val/macro-auc-target_flag: 0.8500171780586243
val/macro-auc-target_flag-std: 0.007037298257487248
