date: '2026-03-15 04:17:03'
num_seeds: 5
test/accuracy-target_flag: 0.7575999975204468
test/accuracy-target_flag-std: 0.007735635807121722
test/batch-accuracy-target_flag: 0.7720000267028808
test/batch-accuracy-target_flag-std: 0.01453268880967635
test/downstream-accuracy: 0.7556000113487243
test/downstream-accuracy-std: 0.00983056025138436
test/downstream-auroc: 0.8393299460411072
test/downstream-auroc-std: 0.007484190102563989
test/loss: 0.4946941792964935
test/loss-std: 0.0065266562289483755
test/loss_target_flag: 0.4946941792964935
test/loss_target_flag-std: 0.0065266562289483755
test/macro-auc-target_flag: 0.830434775352478
test/macro-auc-target_flag-std: 0.007350501322254377
val/accuracy-target_flag: 0.784742271900177
val/accuracy-target_flag-std: 0.009183933628422718
val/batch-accuracy-target_flag: 0.7967077970504761
val/batch-accuracy-target_flag-std: 0.016583908114475222
val/downstream-accuracy: 0.8041237235069275
val/downstream-accuracy-std: 0.008349890159354636
val/downstream-auroc: 0.8743943929672241
val/downstream-auroc-std: 0.004096672682570414
val/loss: 0.4746405303478241
val/loss-std: 0.010633538342643477
val/loss_target_flag: 0.4746405303478241
val/loss_target_flag-std: 0.010633538342643477
val/macro-auc-target_flag: 0.8567278742790222
val/macro-auc-target_flag-std: 0.0053170400790851
