date: '2026-03-14 04:17:03'
num_seeds: 5
test/accuracy-target_flag: 0.7480000019073486
test/accuracy-target_flag-std: 0.011313706138770665
test/batch-accuracy-target_flag: 0.7583999991416931
test/batch-accuracy-target_flag-std: 0.015717496756323623
test/downstream-accuracy: 0.7555999994277954
test/downstream-accuracy-std: 0.011412269645120631
test/downstream-auroc: 0.8131605386734009
test/downstream-auroc-std: 0.020777762220828718
test/loss: 0.6400996148586273
test/loss-std: 0.11159354438568647
test/loss_target_flag: 0.6400996148586273
test/loss_target_flag-std: 0.11159354438568647
test/macro-auc-target_flag: 0.8020988821983337
test/macro-auc-target_flag-std: 0.020187226651973315
val/accuracy-target_flag: 0.7830927848815918
val/accuracy-target_flag-std: 0.00987970884304523
val/batch-accuracy-target_flag: 0.7843621015548706
val/batch-accuracy-target_flag-std: 0.017767093222389056
val/downstream-accuracy: 0.7925773382186889
val/downstream-accuracy-std: 0.01443887723356817
val/downstream-auroc: 0.8512799382209778
val/downstream-auroc-std: 0.0180659601043072
val/loss: 0.5980244755744935
val/loss-std: 0.0632841602891737
val/loss_target_flag: 0.5980244755744935
val/loss_target_flag-std: 0.0632841602891737
val/macro-auc-target_flag: 0.8390947699546814
val/macro-auc-target_flag-std: 0.012330479605825072
