date: '2026-03-14 04:29:38'
num_seeds: 5
test/downstream-accuracy: 0.7375999927520752
test/downstream-accuracy-std: 0.008616266763997554
test/downstream-auroc: 0.8127780318260193
test/downstream-auroc-std: 0.005775104395403045
test/loss: 5.099326801300049
test/loss-std: 0.08039468691530775
test/loss_channel_type: 0.00034354492963757367
test/loss_channel_type-std: 0.00034588145864229957
test/loss_currency: 0.0863552987575531
test/loss_currency-std: 0.008937893480319772
test/loss_labels: 2.61259126663208
test/loss_labels-std: 0.0496681187796454
test/loss_log_amount: 1.2417943954467774
test/loss_log_amount-std: 0.009059506804869314
test/loss_timestamps: 0.6188174843788147
test/loss_timestamps-std: 0.0025368956121113997
test/loss_trx_category: 0.5394248843193055
test/loss_trx_category-std: 0.01001632078287288
val/downstream-accuracy: 0.7880412220954895
val/downstream-accuracy-std: 0.014660935156448082
val/downstream-auroc: 0.8511081337928772
val/downstream-auroc-std: 0.00439774339295074
val/loss: 4.880016136169433
val/loss-std: 0.07551044447144312
val/loss_channel_type: 0.0003421194851398468
val/loss_channel_type-std: 0.0003248488146648659
val/loss_currency: 0.0698538914322853
val/loss_currency-std: 0.009066957031594294
val/loss_labels: 2.562763738632202
val/loss_labels-std: 0.04511699235695847
val/loss_log_amount: 1.1953581333160401
val/loss_log_amount-std: 0.010672021930710604
val/loss_timestamps: 0.582406222820282
val/loss_timestamps-std: 0.00280069927489279
val/loss_trx_category: 0.46929195523262024
val/loss_trx_category-std: 0.007725133998443895
