date: '2026-03-14 16:04:54'
num_seeds: 2
test/accuracy-target_flag: 0.6990000009536743
test/accuracy-target_flag-std: 0.004999995231628418
test/downstream-accuracy: 0.7440000176429749
test/downstream-accuracy-std: 0.009999990463256836
test/downstream-auroc: 0.8292196393013
test/downstream-auroc-std: 0.009332060813903809
test/loss: 5.761143922805786
test/loss-std: 0.006979703903198242
test/loss_1_batch-accuracy-target_flag: 0.7160000503063202
test/loss_1_batch-accuracy-target_flag-std: 0.01600000262260437
test/loss_1_nans-target_flag: 0.0
test/loss_1_nans-target_flag-std: 0.0
test/loss_loss_0_channel_type: 0.0013836384387104772
test/loss_loss_0_channel_type-std: 0.0012227411280036904
test/loss_loss_0_currency: 0.08152327686548233
test/loss_loss_0_currency-std: 0.00022136420011520386
test/loss_loss_0_labels: 2.6268675327301025
test/loss_loss_0_labels-std: 0.000934600830078125
test/loss_loss_0_log_amount: 1.2466654777526855
test/loss_loss_0_log_amount-std: 0.003159165382385254
test/loss_loss_0_timestamps: 0.6099202930927277
test/loss_loss_0_timestamps-std: 7.370114326477051e-05
test/loss_loss_0_trx_category: 0.5470426082611084
test/loss_loss_0_trx_category-std: 0.0030612945556640625
test/loss_loss_1_target_flag: 0.6477408409118652
test/loss_loss_1_target_flag-std: 0.0003235936164855957
test/macro-auc-target_flag: 0.7653707563877106
test/macro-auc-target_flag-std: 0.00807073712348938
val/accuracy-target_flag: 0.7185567021369934
val/accuracy-target_flag-std: 0.007216513156890869
val/downstream-accuracy: 0.7804123759269714
val/downstream-accuracy-std: 0.0030927658081054688
val/downstream-auroc: 0.8554874062538147
val/downstream-auroc-std: 0.004286527633666992
val/loss: 5.546051740646362
val/loss-std: 0.0048029422760009766
val/loss_1_batch-accuracy-target_flag: 0.6954731941223145
val/loss_1_batch-accuracy-target_flag-std: 0.0041152238845825195
val/loss_1_nans-target_flag: 0.0
val/loss_1_nans-target_flag-std: 0.0
val/loss_loss_0_channel_type: 0.000885830057086423
val/loss_loss_0_channel_type-std: 0.00012561093899421394
val/loss_loss_0_currency: 0.07073796167969704
val/loss_loss_0_currency-std: 0.003263849765062332
val/loss_loss_0_labels: 2.581955671310425
val/loss_loss_0_labels-std: 0.006745815277099609
val/loss_loss_0_log_amount: 1.202872395515442
val/loss_loss_0_log_amount-std: 0.002961874008178711
val/loss_loss_0_timestamps: 0.5727412402629852
val/loss_loss_0_timestamps-std: 0.00016966462135314941
val/loss_loss_0_trx_category: 0.47336113452911377
val/loss_loss_0_trx_category-std: 0.0007477104663848877
val/loss_loss_1_target_flag: 0.6434974670410156
val/loss_loss_1_target_flag-std: 0.0011888742446899414
val/macro-auc-target_flag: 0.8002353310585022
val/macro-auc-target_flag-std: 0.005128324031829834
