date: '2026-03-15 04:18:31'
num_seeds: 5
test/accuracy-target_flag: 0.748800003528595
test/accuracy-target_flag-std: 0.008541654232372659
test/batch-accuracy-target_flag: 0.7616000056266785
test/batch-accuracy-target_flag-std: 0.014880847408622194
test/downstream-accuracy: 0.7571999907493592
test/downstream-accuracy-std: 0.009173874273028564
test/downstream-auroc: 0.8333547711372375
test/downstream-auroc-std: 0.005127275333776437
test/loss: 0.5271913349628449
test/loss-std: 0.039818442981136425
test/loss_target_flag: 0.5271913349628449
test/loss_target_flag-std: 0.039818442981136425
test/macro-auc-target_flag: 0.8208265185356141
test/macro-auc-target_flag-std: 0.009853103788713458
val/accuracy-target_flag: 0.7802061796188354
val/accuracy-target_flag-std: 0.016932346260729127
val/batch-accuracy-target_flag: 0.7851851344108581
val/batch-accuracy-target_flag-std: 0.01954625054660523
val/downstream-accuracy: 0.7962886571884156
val/downstream-accuracy-std: 0.0068259631606148894
val/downstream-auroc: 0.8676459550857544
val/downstream-auroc-std: 0.007129113189782912
val/loss: 0.5005179703235626
val/loss-std: 0.02853046756129808
val/loss_target_flag: 0.5005179703235626
val/loss_target_flag-std: 0.02853046756129808
val/macro-auc-target_flag: 0.8519637227058411
val/macro-auc-target_flag-std: 0.006829900460342113
