date: '2026-03-16 15:57:59'
num_seeds: 5
test/accuracy-target_flag: 0.7039999961853027
test/accuracy-target_flag-std: 0.005059654509931559
test/downstream-accuracy: 0.7448000073432922
test/downstream-accuracy-std: 0.005455276741556105
test/downstream-auroc: 0.8246755957603454
test/downstream-auroc-std: 0.003259694123021083
test/loss: 5.7929237365722654
test/loss-std: 0.0069180089221581535
test/loss_1_batch-accuracy-target_flag: 0.7264000058174134
test/loss_1_batch-accuracy-target_flag-std: 0.014221129157961823
test/loss_1_nans-target_flag: 0.0
test/loss_1_nans-target_flag-std: 0.0
test/loss_loss_0_channel_type: 0.0008171279914677143
test/loss_loss_0_channel_type-std: 0.0002984154361846609
test/loss_loss_0_currency: 0.07832871228456498
test/loss_loss_0_currency-std: 0.0018006485645960595
test/loss_loss_0_labels: 2.6774871349334717
test/loss_loss_0_labels-std: 0.0020712604474676095
test/loss_loss_0_log_amount: 1.2616370916366577
test/loss_loss_0_log_amount-std: 0.007121361327980676
test/loss_loss_0_timestamps: 0.6128553867340087
test/loss_loss_0_timestamps-std: 0.00039213295651644543
test/loss_loss_0_trx_category: 0.5403586983680725
test/loss_loss_0_trx_category-std: 0.002898709383192912
test/loss_loss_1_target_flag: 0.6214398741722107
test/loss_loss_1_target_flag-std: 0.002391967495162386
test/macro-auc-target_flag: 0.7848048686981202
test/macro-auc-target_flag-std: 0.003982630822380932
val/accuracy-target_flag: 0.7315463900566102
val/accuracy-target_flag-std: 0.01266992497942985
val/downstream-accuracy: 0.7777319550514221
val/downstream-accuracy-std: 0.011172154038082005
val/downstream-auroc: 0.8526406288146973
val/downstream-auroc-std: 0.008441400727226586
val/loss: 5.577025508880615
val/loss-std: 0.005141309871637218
val/loss_1_batch-accuracy-target_flag: 0.7176954269409179
val/loss_1_batch-accuracy-target_flag-std: 0.015959443257535268
val/loss_1_nans-target_flag: 0.0
val/loss_1_nans-target_flag-std: 0.0
val/loss_loss_0_channel_type: 0.0008545052260160446
val/loss_loss_0_channel_type-std: 9.683632115976802e-05
val/loss_loss_0_currency: 0.06314793825149537
val/loss_loss_0_currency-std: 0.0018123320104416348
val/loss_loss_0_labels: 2.6211813926696776
val/loss_loss_0_labels-std: 0.0026559990808762
val/loss_loss_0_log_amount: 1.2186053037643432
val/loss_loss_0_log_amount-std: 0.005740716365200504
val/loss_loss_0_timestamps: 0.5773437023162842
val/loss_loss_0_timestamps-std: 0.0005889773418297882
val/loss_loss_0_trx_category: 0.47175111174583434
val/loss_loss_0_trx_category-std: 0.0023093055776646737
val/loss_loss_1_target_flag: 0.6241414666175842
val/loss_loss_1_target_flag-std: 0.0015111588060178532
val/macro-auc-target_flag: 0.8263649821281434
val/macro-auc-target_flag-std: 0.0030255045530734946
