date: '2026-03-16 15:54:15'
num_seeds: 5
test/accuracy-target_flag: 0.7052000045776368
test/accuracy-target_flag-std: 0.007756297957465016
test/batch-accuracy-target_flag: 0.7055999994277954
test/batch-accuracy-target_flag-std: 0.017995554379263718
test/downstream-accuracy: 0.7108000040054321
test/downstream-accuracy-std: 0.012496390845556694
test/downstream-auroc: 0.7873637676239014
test/downstream-auroc-std: 0.013743791533909578
test/loss: 0.6095361590385437
test/loss-std: 0.0602966737565734
test/loss_target_flag: 0.6095361590385437
test/loss_target_flag-std: 0.0602966737565734
test/macro-auc-target_flag: 0.7800217509269715
test/macro-auc-target_flag-std: 0.01665821733436738
val/accuracy-target_flag: 0.754226803779602
val/accuracy-target_flag-std: 0.010218142170852358
val/batch-accuracy-target_flag: 0.7670781731605529
val/batch-accuracy-target_flag-std: 0.01209625141140014
val/downstream-accuracy: 0.7632989525794983
val/downstream-accuracy-std: 0.010784906704000086
val/downstream-auroc: 0.8317630410194397
val/downstream-auroc-std: 0.006921399053938148
val/loss: 0.5446012496948243
val/loss-std: 0.032109423555446465
val/loss_target_flag: 0.5446012496948243
val/loss_target_flag-std: 0.032109423555446465
val/macro-auc-target_flag: 0.8277746319770813
val/macro-auc-target_flag-std: 0.007924225863936535
