date: '2026-03-14 04:46:54'
num_seeds: 4
test/accuracy-target_flag: 0.7060000002384186
test/accuracy-target_flag-std: 0.003464108635340327
test/downstream-accuracy: 0.7425000071525574
test/downstream-accuracy-std: 0.0032787270428935845
test/downstream-auroc: 0.8241290301084518
test/downstream-auroc-std: 0.0034334147958589665
test/loss: 5.793481349945068
test/loss-std: 0.007633406575126374
test/loss_1_batch-accuracy-target_flag: 0.7330000102519989
test/loss_1_batch-accuracy-target_flag-std: 0.005916109403699693
test/loss_1_nans-target_flag: 0.0
test/loss_1_nans-target_flag-std: 0.0
test/loss_loss_0_channel_type: 0.0008475436043227091
test/loss_loss_0_channel_type-std: 0.0003266330787977194
test/loss_loss_0_currency: 0.07766406051814556
test/loss_loss_0_currency-std: 0.001357979828073708
test/loss_loss_0_labels: 2.678234338760376
test/loss_loss_0_labels-std: 0.0016034593873411702
test/loss_loss_0_log_amount: 1.2601873278617859
test/loss_loss_0_log_amount-std: 0.007272080784749325
test/loss_loss_0_timestamps: 0.6127391904592514
test/loss_loss_0_timestamps-std: 0.0003531323380057988
test/loss_loss_0_trx_category: 0.5413967669010162
test/loss_loss_0_trx_category-std: 0.0022616838229123884
test/loss_loss_1_target_flag: 0.6224124282598495
test/loss_loss_1_target_flag-std: 0.0015564634128294008
test/macro-auc-target_flag: 0.7828415781259537
test/macro-auc-target_flag-std: 0.000744403103456103
val/accuracy-target_flag: 0.7376288622617722
val/accuracy-target_flag-std: 0.003959344402502928
val/downstream-accuracy: 0.7742267996072769
val/downstream-accuracy-std: 0.009725775489655634
val/downstream-auroc: 0.850350484251976
val/downstream-auroc-std: 0.007927657107003199
val/loss: 5.576569199562073
val/loss-std: 0.0056568757299678574
val/loss_1_batch-accuracy-target_flag: 0.7253085970878601
val/loss_1_batch-accuracy-target_flag-std: 0.005345838375003027
val/loss_1_nans-target_flag: 0.0
val/loss_1_nans-target_flag-std: 0.0
val/loss_loss_0_channel_type: 0.0008185632177628577
val/loss_loss_0_channel_type-std: 7.254275693228357e-05
val/loss_loss_0_currency: 0.06302106380462646
val/loss_loss_0_currency-std: 0.002006289739481272
val/loss_loss_0_labels: 2.6223363280296326
val/loss_loss_0_labels-std: 0.0014657883437416929
val/loss_loss_0_log_amount: 1.2170613408088684
val/loss_loss_0_log_amount-std: 0.005410699810810788
val/loss_loss_0_timestamps: 0.5770931243896484
val/loss_loss_0_timestamps-std: 0.0003459355429856363
val/loss_loss_0_trx_category: 0.47235237807035446
val/loss_loss_0_trx_category-std: 0.002204202656014607
val/loss_loss_1_target_flag: 0.6238862574100494
val/loss_loss_1_target_flag-std: 0.0015902334649993855
val/macro-auc-target_flag: 0.8259157091379166
val/macro-auc-target_flag-std: 0.0032299947603826157
