date: '2026-03-14 04:33:44'
num_seeds: 5
test/downstream-accuracy: 0.7583999991416931
test/downstream-accuracy-std: 0.014718687842504562
test/downstream-auroc: 0.8279797673225403
test/downstream-auroc-std: 0.01010898392413299
test/loss: 4.576257801055908
test/loss-std: 0.06009450528322275
test/loss_channel_type: 0.0001735908750561066
test/loss_channel_type-std: 7.38499628237262e-05
test/loss_currency: 0.07834504544734955
test/loss_currency-std: 0.0023124422559719577
test/loss_labels: 2.235745668411255
test/loss_labels-std: 0.04475869246867095
test/loss_log_amount: 1.1909967422485352
test/loss_log_amount-std: 0.005995015106861659
test/loss_timestamps: 0.6145565390586853
test/loss_timestamps-std: 0.0008797884262020657
test/loss_trx_category: 0.4564401626586914
test/loss_trx_category-std: 0.006470748693086106
val/downstream-accuracy: 0.8008247375488281
val/downstream-accuracy-std: 0.0097235562811457
val/downstream-auroc: 0.8716592669487
val/downstream-auroc-std: 0.007203527574693092
val/loss: 4.405418014526367
val/loss-std: 0.053832373619398695
val/loss_channel_type: 0.0002599303552415222
val/loss_channel_type-std: 9.121284340737033e-05
val/loss_currency: 0.06282093077898025
val/loss_currency-std: 0.0007858602799509457
val/loss_labels: 2.218959903717041
val/loss_labels-std: 0.04127598606337247
val/loss_log_amount: 1.1497662782669067
val/loss_log_amount-std: 0.004778453926145144
val/loss_timestamps: 0.5774093389511108
val/loss_timestamps-std: 0.0007032703166020456
val/loss_trx_category: 0.3962016999721527
val/loss_trx_category-std: 0.006795238739849056
