date: '2026-03-14 15:57:49'
num_seeds: 2
test/accuracy-target_flag: 0.5830000042915344
test/accuracy-target_flag-std: 0.003000020980834961
test/downstream-accuracy: 0.636000007390976
test/downstream-accuracy-std: 0.006000012159347534
test/downstream-auroc: 0.6936571598052979
test/downstream-auroc-std: 0.0007914304733276367
test/loss: 22.824678421020508
test/loss-std: 0.014923095703125
test/loss_1_batch-accuracy-target_flag: 0.5920000374317169
test/loss_1_batch-accuracy-target_flag-std: 0.004000037908554077
test/loss_1_nans-target_flag: 0.0
test/loss_1_nans-target_flag-std: 0.0
test/loss_loss_0_channel_type: 1.9267331957817078
test/loss_loss_0_channel_type-std: 0.0051836371421813965
test/loss_loss_0_currency: 4.258524417877197
test/loss_loss_0_currency-std: 0.015965938568115234
test/loss_loss_0_labels: 5.974596738815308
test/loss_loss_0_labels-std: 0.00516819953918457
test/loss_loss_0_log_amount: 6.648053169250488
test/loss_loss_0_log_amount-std: 0.03415870666503906
test/loss_loss_0_timestamps: 0.9196737110614777
test/loss_loss_0_timestamps-std: 0.027936667203903198
test/loss_loss_0_trx_category: 2.4070788621902466
test/loss_loss_0_trx_category-std: 0.01542055606842041
test/loss_loss_1_target_flag: 0.6900185942649841
test/loss_loss_1_target_flag-std: 0.00011175870895385742
test/macro-auc-target_flag: 0.4642792344093323
test/macro-auc-target_flag-std: 0.0884404182434082
val/accuracy-target_flag: 0.5505154728889465
val/accuracy-target_flag-std: 0.0
val/downstream-accuracy: 0.7154639363288879
val/downstream-accuracy-std: 0.0
val/downstream-auroc: 0.7875820100307465
val/downstream-auroc-std: 0.0006872117519378662
val/loss: 22.744196891784668
val/loss-std: 0.014081001281738281
val/loss_1_batch-accuracy-target_flag: 0.547325074672699
val/loss_1_batch-accuracy-target_flag-std: 0.0
val/loss_1_nans-target_flag: 0.0
val/loss_1_nans-target_flag-std: 0.0
val/loss_loss_0_channel_type: 1.9281890392303467
val/loss_loss_0_channel_type-std: 0.004874825477600098
val/loss_loss_0_currency: 4.258767127990723
val/loss_loss_0_currency-std: 0.016320228576660156
val/loss_loss_0_labels: 5.974685192108154
val/loss_loss_0_labels-std: 0.0066928863525390625
val/loss_loss_0_log_amount: 6.608216762542725
val/loss_loss_0_log_amount-std: 0.03368663787841797
val/loss_loss_0_timestamps: 0.8761756718158722
val/loss_loss_0_timestamps-std: 0.027552157640457153
val/loss_loss_0_trx_category: 2.4071764945983887
val/loss_loss_0_trx_category-std: 0.015425682067871094
val/loss_loss_1_target_flag: 0.6909863948822021
val/loss_loss_1_target_flag-std: 3.635883331298828e-05
val/macro-auc-target_flag: 0.4275933802127838
val/macro-auc-target_flag-std: 0.08323022723197937
