date: '2026-03-15 04:18:29'
num_seeds: 5
test/accuracy-target_flag: 0.754799997806549
test/accuracy-target_flag-std: 0.01121427255354764
test/batch-accuracy-target_flag: 0.7575999975204468
test/batch-accuracy-target_flag-std: 0.006499226286417131
test/downstream-accuracy: 0.7435999989509583
test/downstream-accuracy-std: 0.009748854103248935
test/downstream-auroc: 0.8264397859573365
test/downstream-auroc-std: 0.007573132647525638
test/loss: 0.503853577375412
test/loss-std: 0.005568613227713375
test/loss_target_flag: 0.503853577375412
test/loss_target_flag-std: 0.005568613227713375
test/macro-auc-target_flag: 0.8277077078819275
test/macro-auc-target_flag-std: 0.003060535246172884
val/accuracy-target_flag: 0.7822680354118348
val/accuracy-target_flag-std: 0.01851543683542636
val/batch-accuracy-target_flag: 0.8008230209350586
val/batch-accuracy-target_flag-std: 0.021713433289152033
val/downstream-accuracy: 0.800412380695343
val/downstream-accuracy-std: 0.005439553872366342
val/downstream-auroc: 0.8754045963287354
val/downstream-auroc-std: 0.005134641548021977
val/loss: 0.4821959674358368
val/loss-std: 0.0222291396622988
val/loss_target_flag: 0.4821959674358368
val/loss_target_flag-std: 0.0222291396622988
val/macro-auc-target_flag: 0.8526930451393128
val/macro-auc-target_flag-std: 0.01072849128656611
