date: '2026-03-14 04:18:01'
num_seeds: 3
test/accuracy-target_flag: 0.7046666741371155
test/accuracy-target_flag-std: 0.005734883585275591
test/batch-accuracy-target_flag: 0.7080000042915344
test/batch-accuracy-target_flag-std: 0.022861901929960873
test/downstream-accuracy: 0.7106666763623556
test/downstream-accuracy-std: 0.016110716217888985
test/downstream-auroc: 0.7865053017934164
test/downstream-auroc-std: 0.017656267151011745
test/loss: 0.6227542559305826
test/loss-std: 0.07437770181264584
test/loss_target_flag: 0.6227542559305826
test/loss_target_flag-std: 0.07437770181264584
test/macro-auc-target_flag: 0.7793866793314616
test/macro-auc-target_flag-std: 0.020919392772759306
val/accuracy-target_flag: 0.7573883136113485
val/accuracy-target_flag-std: 0.0079558835890077
val/batch-accuracy-target_flag: 0.7681755423545837
val/batch-accuracy-target_flag-std: 0.011800192516291835
val/downstream-accuracy: 0.7594501574834188
val/downstream-accuracy-std: 0.004236708973692194
val/downstream-auroc: 0.8295822739601135
val/downstream-auroc-std: 0.001140416240141214
val/loss: 0.5530908107757568
val/loss-std: 0.03606048739997598
val/loss_target_flag: 0.5530908107757568
val/loss_target_flag-std: 0.03606048739997598
val/macro-auc-target_flag: 0.8290296594301859
val/macro-auc-target_flag-std: 0.0031137128601986808
