date: '2026-03-14 04:34:44'
num_seeds: 5
test/downstream-accuracy: 0.7516000032424927
test/downstream-accuracy-std: 0.012483589698068308
test/downstream-auroc: 0.8281413316726685
test/downstream-auroc-std: 0.006735652008698766
test/loss: 5.042110538482666
test/loss-std: 0.018069916709108805
test/loss_channel_type: 0.0014625886338762938
test/loss_channel_type-std: 0.000685774636404577
test/loss_currency: 0.0808534175157547
test/loss_currency-std: 0.0014352490713667235
test/loss_labels: 2.57306170463562
test/loss_labels-std: 0.01320806977680901
test/loss_log_amount: 1.2386727333068848
test/loss_log_amount-std: 0.002384748467567297
test/loss_timestamps: 0.6167446374893188
test/loss_timestamps-std: 0.0005781848021703623
test/loss_trx_category: 0.5313156008720398
test/loss_trx_category-std: 0.0018039869553819583
val/downstream-accuracy: 0.7851546406745911
val/downstream-accuracy-std: 0.007648347663556755
val/downstream-auroc: 0.8564065575599671
val/downstream-auroc-std: 0.0028646889907466763
val/loss: 4.835921096801758
val/loss-std: 0.016811559664486303
val/loss_channel_type: 0.0015079957200214266
val/loss_channel_type-std: 0.0005730452337898915
val/loss_currency: 0.06497449427843094
val/loss_currency-std: 0.0011322429961288926
val/loss_labels: 2.5313042640686034
val/loss_labels-std: 0.012584102456958958
val/loss_log_amount: 1.1957360744476317
val/loss_log_amount-std: 0.0026047982595637526
val/loss_timestamps: 0.5803219079971313
val/loss_timestamps-std: 0.0008664159105208089
val/loss_trx_category: 0.46207621693611145
val/loss_trx_category-std: 0.0016748143211439402
