date: '2026-03-14 15:59:05'
num_seeds: 2
test/accuracy-target_flag: 0.7269999980926514
test/accuracy-target_flag-std: 0.003000020980834961
test/downstream-accuracy: 0.7549999952316284
test/downstream-accuracy-std: 0.003000020980834961
test/downstream-auroc: 0.8439349830150604
test/downstream-auroc-std: 0.0009150803089141846
test/loss: 5.776814937591553
test/loss-std: 0.0033893585205078125
test/loss_1_batch-accuracy-target_flag: 0.7260000109672546
test/loss_1_batch-accuracy-target_flag-std: 0.0020000338554382324
test/loss_1_nans-target_flag: 0.0
test/loss_1_nans-target_flag-std: 0.0
test/loss_loss_0_channel_type: 4.7822517444728874e-05
test/loss_loss_0_channel_type-std: 8.648512448417023e-07
test/loss_loss_0_currency: 0.0834011435508728
test/loss_loss_0_currency-std: 0.0006472393870353699
test/loss_loss_0_labels: 2.646032929420471
test/loss_loss_0_labels-std: 0.00017368793487548828
test/loss_loss_0_log_amount: 1.2711893320083618
test/loss_loss_0_log_amount-std: 0.0037931203842163086
test/loss_loss_0_timestamps: 0.6135714650154114
test/loss_loss_0_timestamps-std: 0.0007750988006591797
test/loss_loss_0_trx_category: 0.5407738387584686
test/loss_loss_0_trx_category-std: 0.0003146827220916748
test/loss_loss_1_target_flag: 0.6217984557151794
test/loss_loss_1_target_flag-std: 0.0013384819030761719
test/macro-auc-target_flag: 0.8027567267417908
test/macro-auc-target_flag-std: 0.00275343656539917
val/accuracy-target_flag: 0.746391773223877
val/accuracy-target_flag-std: 0.0
val/downstream-accuracy: 0.7948453724384308
val/downstream-accuracy-std: 0.005154639482498169
val/downstream-auroc: 0.8721781373023987
val/downstream-auroc-std: 0.0025083422660827637
val/loss: 5.555762052536011
val/loss-std: 0.00780177116394043
val/loss_1_batch-accuracy-target_flag: 0.7325102090835571
val/loss_1_batch-accuracy-target_flag-std: 0.0041152238845825195
val/loss_1_nans-target_flag: 0.0
val/loss_1_nans-target_flag-std: 0.0
val/loss_loss_0_channel_type: 5.851908463228028e-05
val/loss_loss_0_channel_type-std: 6.343210770864971e-06
val/loss_loss_0_currency: 0.06733081489801407
val/loss_loss_0_currency-std: 0.0023422464728355408
val/loss_loss_0_labels: 2.59725284576416
val/loss_loss_0_labels-std: 0.003020048141479492
val/loss_loss_0_log_amount: 1.2231354713439941
val/loss_loss_0_log_amount-std: 0.001352548599243164
val/loss_loss_0_timestamps: 0.5752905011177063
val/loss_loss_0_timestamps-std: 0.00012308359146118164
val/loss_loss_0_trx_category: 0.4699811339378357
val/loss_loss_0_trx_category-std: 0.0014778375625610352
val/loss_loss_1_target_flag: 0.6227129995822906
val/loss_loss_1_target_flag-std: 0.0002612769603729248
val/macro-auc-target_flag: 0.8364773690700531
val/macro-auc-target_flag-std: 0.003040879964828491
