date: '2025-02-27 16:47:47'
test/downstream: 0.831
test/downstream-std: 0.006
test/loss: 5.016085624694824
test/loss_channel_type: 9.027549822349101e-05
test/loss_currency: 0.07498755306005478
test/loss_labels: 2.571101665496826
test/loss_log_amount: 1.2368005514144897
test/loss_timestamps: 0.6107892394065857
test/loss_trx_category: 0.5223162174224854
val/downstream: 0.82
val/downstream-std: 0.01
val/loss: 4.86603307723999
val/loss_channel_type: 9.902052988763899e-05
val/loss_currency: 0.049931421875953674
val/loss_labels: 2.529371500015259
val/loss_log_amount: 1.2054126262664795
val/loss_timestamps: 0.592488706111908
val/loss_trx_category: 0.48872920870780945
