date: '2025-02-28 15:07:47'
test/downstream: 0.828
test/downstream-std: 0.004
test/loss: 5.0906219482421875
test/loss_channel_type: 2.623635737108998e-05
test/loss_currency: 0.09153231233358383
test/loss_labels: 2.6062798500061035
test/loss_log_amount: 1.2513434886932373
test/loss_timestamps: 0.6113837957382202
test/loss_trx_category: 0.530056893825531
val/downstream: 0.816
val/downstream-std: 0.007
val/loss: 4.932677745819092
val/loss_channel_type: 2.4790700990706682e-05
val/loss_currency: 0.06284722685813904
val/loss_labels: 2.5609493255615234
val/loss_log_amount: 1.2209564447402954
val/loss_timestamps: 0.5923639535903931
val/loss_trx_category: 0.495536208152771
