date: '2025-02-28 13:43:08'
test/downstream: 0.829
test/downstream-std: 0.004
test/loss: 5.02346134185791
test/loss_channel_type: 8.02008798928e-05
test/loss_currency: 0.07560539990663528
test/loss_labels: 2.571861505508423
test/loss_log_amount: 1.2431244850158691
test/loss_timestamps: 0.6111940145492554
test/loss_trx_category: 0.52159583568573
val/downstream: 0.812
val/downstream-std: 0.014
val/loss: 4.872920036315918
val/loss_channel_type: 8.903232810553163e-05
val/loss_currency: 0.050137583166360855
val/loss_labels: 2.529576063156128
val/loss_log_amount: 1.2120009660720825
val/loss_timestamps: 0.5930091142654419
val/loss_trx_category: 0.48810720443725586
