date: '2025-04-30 23:00:25'
test/downstream: 0.8130000233650208
test/loss: 10.235077857971191
test/loss__presence: 0.33705517649650574
test/loss_channel_type: 0.00021679923520423472
test/loss_currency: 0.14571356773376465
test/loss_labels: 2.0767598152160645
test/loss_log_amount: 1.0104811191558838
test/loss_next_item_channel_type: 5.9937698097201064e-05
test/loss_next_item_currency: 0.09553772211074829
test/loss_next_item_labels: 2.617499351501465
test/loss_next_item_log_amount: 1.2444311380386353
test/loss_next_item_timestamps: 0.6147873401641846
test/loss_next_item_trx_category: 0.5344051122665405
test/loss_timestamps: 1.1984021663665771
test/loss_trx_category: 0.35972917079925537
test/match_cost_mean: -3.7258477210998535
test/match_cost_std: 14.378993034362793
test/max_cost: 107.91515350341797
test/prediction_match_rate: 0.33724361658096313
test/target_match_rate: 1.0
val/downstream: 0.8339999914169312
val/loss: 10.043000221252441
val/loss__presence: 0.3466688394546509
val/loss_channel_type: 0.0004762793250847608
val/loss_currency: 0.12077389657497406
val/loss_labels: 2.0541133880615234
val/loss_log_amount: 0.9930661916732788
val/loss_next_item_channel_type: 0.00024130598467309028
val/loss_next_item_currency: 0.07138686627149582
val/loss_next_item_labels: 2.586564779281616
val/loss_next_item_log_amount: 1.2198176383972168
val/loss_next_item_timestamps: 0.5982034802436829
val/loss_next_item_trx_category: 0.49678894877433777
val/loss_timestamps: 1.1986362934112549
val/loss_trx_category: 0.35626378655433655
val/match_cost_mean: -3.7374136447906494
val/match_cost_std: 14.586231231689453
val/max_cost: 106.66959381103516
val/prediction_match_rate: 0.35268083214759827
val/target_match_rate: 1.0
