date: '2025-07-21 14:24:28'
num_seeds: 5
test/downstream: 0.8228000164031982
test/downstream-std: 0.004489984157343877
test/loss: 5.042410182952881
test/loss-std: 0.006929706618570826
test/loss_channel_type: 2.665724605321884e-05
test/loss_channel_type-std: 8.325074467285315e-06
test/loss_currency: 0.07809169590473175
test/loss_currency-std: 0.0009449411914384525
test/loss_labels: 2.5843769550323485
test/loss_labels-std: 0.004644623665052289
test/loss_log_amount: 1.235980176925659
test/loss_log_amount-std: 0.0009694186132609001
test/loss_timestamps: 0.6172698020935059
test/loss_timestamps-std: 0.00040225208419947337
test/loss_trx_category: 0.5266648650169372
test/loss_trx_category-std: 0.0006490836046234743
val/downstream: 0.8271999955177307
val/downstream-std: 0.002039607263094339
val/loss: 4.8955000877380375
val/loss-std: 0.006744733945407774
val/loss_channel_type: 4.751297346956562e-05
val/loss_channel_type-std: 2.869636992942408e-05
val/loss_currency: 0.05675119906663895
val/loss_currency-std: 0.0003896169689262528
val/loss_labels: 2.540462875366211
val/loss_labels-std: 0.004350254362383975
val/loss_log_amount: 1.2051247119903565
val/loss_log_amount-std: 0.001211718747289407
val/loss_timestamps: 0.6024923920631409
val/loss_timestamps-std: 0.00047209873248977603
val/loss_trx_category: 0.49062124490737913
val/loss_trx_category-std: 0.000695508707635932
