date: '2025-07-31 06:06:24'
num_seeds: 5
test/accuracy-target_flag: 0.7467999935150147
test/accuracy-target_flag-std: 0.012560249857398145
test/batch-accuracy-target_flag: 0.7467999935150147
test/batch-accuracy-target_flag-std: 0.012560249857398145
test/downstream: 0.8251799941062927
test/downstream-std: 0.0019415386097074354
test/loss: 0.5632527709007263
test/loss-std: 0.030961301456881956
test/loss_target_flag: 0.5632527709007263
test/loss_target_flag-std: 0.030961301456881956
val/accuracy-target_flag: 0.7504888892173767
val/accuracy-target_flag-std: 0.0053966696860135305
val/batch-accuracy-target_flag: 0.7504888892173767
val/batch-accuracy-target_flag-std: 0.0053966696860135305
val/downstream: 0.8240000009536743
val/downstream-std: 0.007536578510212053
val/loss: 0.5610110640525818
val/loss-std: 0.019208698091880746
val/loss_target_flag: 0.5610110640525818
val/loss_target_flag-std: 0.019208698091880746
