date: '2025-07-20 10:29:30'
num_seeds: 5
test/downstream: 0.8155999898910522
test/downstream-std: 0.005919447667435252
test/loss: 5.054744720458984
test/loss-std: 0.008333803735212138
test/loss_channel_type: 0.0010125703527592122
test/loss_channel_type-std: 0.00035534681678432695
test/loss_currency: 0.07717072516679764
test/loss_currency-std: 0.0025244326686148437
test/loss_labels: 2.5870992660522463
test/loss_labels-std: 0.00559387265562813
test/loss_log_amount: 1.2445822715759278
test/loss_log_amount-std: 0.002982158522253002
test/loss_timestamps: 0.6175333738327027
test/loss_timestamps-std: 0.0007814897749481893
test/loss_trx_category: 0.5273467063903808
test/loss_trx_category-std: 0.0015538869100615359
val/downstream: 0.8205999970436096
val/downstream-std: 0.005953168698483585
val/loss: 4.906512069702148
val/loss-std: 0.00790481166528387
val/loss_channel_type: 0.0009541442734189332
val/loss_channel_type-std: 0.0003042936424312189
val/loss_currency: 0.05568539947271347
val/loss_currency-std: 0.0009488546515566957
val/loss_labels: 2.542882299423218
val/loss_labels-std: 0.006650883567079644
val/loss_log_amount: 1.214059329032898
val/loss_log_amount-std: 0.002031601014163805
val/loss_timestamps: 0.6024746656417846
val/loss_timestamps-std: 0.0011222508360697338
val/loss_trx_category: 0.49045642018318175
val/loss_trx_category-std: 0.0013473157035627913
