date: '2026-01-07 22:49:42'
num_seeds: 5
test/downstream: 0.8155400037765503
test/downstream-std: 0.01026560533021021
test/loss: 145.896826171875
test/loss-std: 9.193159729677298
test/loss_coles-coles: 139.94790649414062
test/loss_coles-coles-std: 8.545764115263868
test/loss_mlm-channel_type: 0.01991789657622576
test/loss_mlm-channel_type-std: 0.026785841218233623
test/loss_mlm-currency: 0.22555958926677705
test/loss_mlm-currency-std: 0.1227055669871621
test/loss_mlm-labels: 3.0047958374023436
test/loss_mlm-labels-std: 0.26377360497606045
test/loss_mlm-log_amount: 1.345360803604126
test/loss_mlm-log_amount-std: 0.18818096663946038
test/loss_mlm-timedeltas: 0.7899083018302917
test/loss_mlm-timedeltas-std: 0.0018712059573941652
test/loss_mlm-trx_category: 0.5633844375610352
test/loss_mlm-trx_category-std: 0.047403619816750855
val/downstream: 0.8046200037002563
val/downstream-std: 0.0022842167128225687
val/loss: 147.33565979003907
val/loss-std: 8.547566881483815
val/loss_coles-coles: 141.51742858886718
val/loss_coles-coles-std: 7.90508157845649
val/loss_mlm-channel_type: 0.023147833067923784
val/loss_mlm-channel_type-std: 0.029871276197098177
val/loss_mlm-currency: 0.1801460325717926
val/loss_mlm-currency-std: 0.11783753137967891
val/loss_mlm-labels: 2.9597754955291746
val/loss_mlm-labels-std: 0.2558076406891431
val/loss_mlm-log_amount: 1.3330502033233642
val/loss_mlm-log_amount-std: 0.19358211335991457
val/loss_mlm-timedeltas: 0.7919082403182983
val/loss_mlm-timedeltas-std: 0.002125880696999287
val/loss_mlm-trx_category: 0.5302015542984009
val/loss_mlm-trx_category-std: 0.04500042934283628
