date: '2025-07-31 06:08:08'
num_seeds: 5
test/accuracy-target_flag: 0.7471999883651733
test/accuracy-target_flag-std: 0.013541044100655444
test/batch-accuracy-target_flag: 0.7471999883651733
test/batch-accuracy-target_flag-std: 0.013541044100655444
test/downstream: 0.8068400025367737
test/downstream-std: 0.005323766056583864
test/loss: 0.5331319451332093
test/loss-std: 0.01377796779859577
test/loss_target_flag: 0.5331319451332093
test/loss_target_flag-std: 0.01377796779859577
val/accuracy-target_flag: 0.7338666558265686
val/accuracy-target_flag-std: 0.009290493364199879
val/batch-accuracy-target_flag: 0.7338666558265686
val/batch-accuracy-target_flag-std: 0.009290493364199879
val/downstream: 0.8086599946022034
val/downstream-std: 0.0024944721519812724
val/loss: 0.5546197533607483
val/loss-std: 0.008626919561582704
val/loss_target_flag: 0.5546197533607483
val/loss_target_flag-std: 0.008626919561582704
