date: '2026-01-06 00:28:29'
num_seeds: 5
test/downstream: 0.819979989528656
test/downstream-std: 0.004385156444694235
test/loss: 144.63731994628907
test/loss-std: 1.3007751270170127
test/loss_coles-coles: 139.47431335449218
test/loss_coles-coles-std: 1.2061083015540601
test/loss_mlm-channel_type: 0.007444251142442226
test/loss_mlm-channel_type-std: 0.0016314881437604057
test/loss_mlm-currency: 0.09125400483608245
test/loss_mlm-currency-std: 0.005224835901331986
test/loss_mlm-labels: 2.6321910858154296
test/loss_mlm-labels-std: 0.056897661140639905
test/loss_mlm-log_amount: 1.1791345119476317
test/loss_mlm-log_amount-std: 0.01489727530116108
test/loss_mlm-timedeltas: 0.7408381223678588
test/loss_mlm-timedeltas-std: 0.01038093904568982
test/loss_mlm-trx_category: 0.5121485710144043
test/loss_mlm-trx_category-std: 0.010780521935082093
val/downstream: 0.8213200092315673
val/downstream-std: 0.0022462342718046462
val/loss: 149.45374145507813
val/loss-std: 1.516773145258189
val/loss_coles-coles: 144.39207763671874
val/loss_coles-coles-std: 1.4247336120016367
val/loss_mlm-channel_type: 0.007968611922115088
val/loss_mlm-channel_type-std: 0.0018816679907830028
val/loss_mlm-currency: 0.07231629341840744
val/loss_mlm-currency-std: 0.006212009788844764
val/loss_mlm-labels: 2.5952969551086427
val/loss_mlm-labels-std: 0.05452312752015464
val/loss_mlm-log_amount: 1.1543482780456542
val/loss_mlm-log_amount-std: 0.013204080415369381
val/loss_mlm-timedeltas: 0.7612282991409302
val/loss_mlm-timedeltas-std: 0.010381943155159973
val/loss_mlm-trx_category: 0.47050286531448365
val/loss_mlm-trx_category-std: 0.010066373517243408
