date: '2025-07-23 12:38:48'
num_seeds: 5
test/accuracy-target_flag: 0.7388000011444091
test/accuracy-target_flag-std: 0.016375588671179445
test/batch-accuracy-target_flag: 0.7388000130653382
test/batch-accuracy-target_flag-std: 0.016375595368532662
test/downstream: 0.8376000046730041
test/downstream-std: 0.004963889604435606
test/loss: 0.5780467629432678
test/loss-std: 0.03826242074345846
test/loss_target_flag: 0.5780467629432678
test/loss_target_flag-std: 0.03826242074345846
val/accuracy-target_flag: 0.73253333568573
val/accuracy-target_flag-std: 0.005797567800810718
val/batch-accuracy-target_flag: 0.73253333568573
val/batch-accuracy-target_flag-std: 0.005797567800810718
val/downstream: 0.8355999827384949
val/downstream-std: 0.004758158289195983
val/loss: 0.5946075201034546
val/loss-std: 0.03204293101632825
val/loss_target_flag: 0.5946075201034546
val/loss_target_flag-std: 0.03204293101632825
