date: '2025-07-31 16:30:53'
num_seeds: 5
test/downstream: 0.8334200024604798
test/downstream-std: 0.004202094754910211
test/loss: 5.042413139343262
test/loss-std: 0.006922493322709283
test/loss_channel_type: 2.6638525378075427e-05
test/loss_channel_type-std: 8.270138493007902e-06
test/loss_currency: 0.07809206694364548
test/loss_currency-std: 0.0009454257307786621
test/loss_labels: 2.584376859664917
test/loss_labels-std: 0.004640992274013081
test/loss_log_amount: 1.2359822750091554
test/loss_log_amount-std: 0.0009656648887432466
test/loss_timestamps: 0.6172691106796264
test/loss_timestamps-std: 0.0004021855344376984
test/loss_trx_category: 0.5266661763191223
test/loss_trx_category-std: 0.000649521301891095
val/downstream: 0.8330999970436096
val/downstream-std: 0.0034351182073313782
val/loss: 4.89550199508667
val/loss-std: 0.006743368736014402
val/loss_channel_type: 4.749821091536433e-05
val/loss_channel_type-std: 2.8683114451312827e-05
val/loss_currency: 0.056751278787851335
val/loss_currency-std: 0.00038963340389211535
val/loss_labels: 2.540463352203369
val/loss_labels-std: 0.004350109006112145
val/loss_log_amount: 1.2051254510879517
val/loss_log_amount-std: 0.0012100174384104328
val/loss_timestamps: 0.6024922251701355
val/loss_timestamps-std: 0.000472063812617386
val/loss_trx_category: 0.4906218111515045
val/loss_trx_category-std: 0.0006961985138220826
