date: '2025-07-31 16:30:41'
num_seeds: 5
test/accuracy-target_flag: 0.725600004196167
test/accuracy-target_flag-std: 0.012224569532312005
test/batch-accuracy-target_flag: 0.725600004196167
test/batch-accuracy-target_flag-std: 0.012224569532312005
test/downstream: 0.8426399946212768
test/downstream-std: 0.003501202984435564
test/loss: 0.9645736813545227
test/loss-std: 0.1048894082631064
test/loss_target_flag: 0.9645736813545227
test/loss_target_flag-std: 0.1048894082631064
val/accuracy-target_flag: 0.7075555443763732
val/accuracy-target_flag-std: 0.011497297142804438
val/batch-accuracy-target_flag: 0.7075555443763732
val/batch-accuracy-target_flag-std: 0.011497297142804438
val/downstream: 0.8406999945640564
val/downstream-std: 0.004878940300195074
val/loss: 0.9990831136703491
val/loss-std: 0.09108118311435039
val/loss_target_flag: 0.9990831136703491
val/loss_target_flag-std: 0.09108118311435039
