date: '2025-07-20 10:36:40'
num_seeds: 5
test/downstream: 0.8092000007629394
test/downstream-std: 0.006615117835235692
test/loss: 5.050558471679688
test/loss-std: 0.00878565851598155
test/loss_channel_type: 7.367718862951733e-05
test/loss_channel_type-std: 4.682933310587054e-05
test/loss_currency: 0.07891418784856796
test/loss_currency-std: 0.001743952075028298
test/loss_labels: 2.5888908386230467
test/loss_labels-std: 0.005472321914924465
test/loss_log_amount: 1.236624503135681
test/loss_log_amount-std: 0.0012131408574054723
test/loss_timestamps: 0.6175899267196655
test/loss_timestamps-std: 0.00040330630007266797
test/loss_trx_category: 0.5284652948379517
test/loss_trx_category-std: 0.0009621328879669413
val/downstream: 0.8277999877929687
val/downstream-std: 0.0031874628760795807
val/loss: 4.902707099914551
val/loss-std: 0.009706898761732355
val/loss_channel_type: 8.038053565542213e-05
val/loss_channel_type-std: 3.963358468283853e-05
val/loss_currency: 0.057234639674425124
val/loss_currency-std: 0.0008530651841493256
val/loss_labels: 2.544986534118652
val/loss_labels-std: 0.00635251314366113
val/loss_log_amount: 1.2055859088897705
val/loss_log_amount-std: 0.0009170489921795559
val/loss_timestamps: 0.6029587864875794
val/loss_timestamps-std: 0.0007037568153772836
val/loss_trx_category: 0.4918610632419586
val/loss_trx_category-std: 0.0010693111699358472
