date: '2025-07-22 09:00:12'
num_seeds: 5
test/downstream: 0.8281999945640564
test/downstream-std: 0.002785685440471116
test/loss: 117.52848510742187
test/loss-std: 3.3719812371674167
test/loss_coles: 117.52848510742187
test/loss_coles-std: 3.3719812371674167
val/downstream: 0.8246000051498413
val/downstream-std: 0.002653285440759342
val/loss: 121.87907409667969
val/loss-std: 3.352315100495989
val/loss_coles: 121.87907409667969
val/loss_coles-std: 3.352315100495989
