date: '2025-09-20 04:19:28'
num_seeds: 5
test/downstream: 0.8259799957275391
test/downstream-std: 0.002579451567948661
test/loss: 4.170698451995849
test/loss-std: 0.08181048665740502
test/loss_channel_type: 6.0526122251758355e-05
test/loss_channel_type-std: 6.52576926211806e-05
test/loss_currency: 0.06290315389633179
test/loss_currency-std: 0.0016677607384324902
test/loss_labels: 1.9233850240707397
test/loss_labels-std: 0.06072703893740167
test/loss_log_amount: 1.1545339107513428
test/loss_log_amount-std: 0.007350910922275527
test/loss_timestamps: 0.618490993976593
test/loss_timestamps-std: 0.00253935538030796
test/loss_trx_category: 0.4113247573375702
test/loss_trx_category-std: 0.0105986054312849
val/downstream: 0.8443999886512756
val/downstream-std: 0.003392922755943703
val/loss: 4.061107206344604
val/loss-std: 0.08351565179898573
val/loss_channel_type: 0.00012135422657593154
val/loss_channel_type-std: 0.000100537864799643
val/loss_currency: 0.046017206460237506
val/loss_currency-std: 0.001116365996610322
val/loss_labels: 1.8986973762512207
val/loss_labels-std: 0.06246925497692827
val/loss_log_amount: 1.1293834447860718
val/loss_log_amount-std: 0.007887014068867238
val/loss_timestamps: 0.6038166522979737
val/loss_timestamps-std: 0.0027929276025935312
val/loss_trx_category: 0.38307144641876223
val/loss_trx_category-std: 0.010143304335060204
