date: '2025-09-23 22:10:18'
num_seeds: 5
test/downstream: 0.8023400068283081
test/downstream-std: 0.0020886321779067974
test/loss: 5.058023071289062
test/loss-std: 0.028251310977991658
test/loss_channel_type: 0.0001256844923773315
test/loss_channel_type-std: 0.00011713351589974467
test/loss_currency: 0.0779869645833969
test/loss_currency-std: 0.002301171470397361
test/loss_labels: 2.5960556983947756
test/loss_labels-std: 0.018921037989604553
test/loss_log_amount: 1.2370992183685303
test/loss_log_amount-std: 0.00402710444091214
test/loss_timestamps: 0.6173265933990478
test/loss_timestamps-std: 0.0012525877095387967
test/loss_trx_category: 0.529429018497467
test/loss_trx_category-std: 0.002683747917152302
val/downstream: 0.8082200050354004
val/downstream-std: 0.002897862492211595
val/loss: 4.9121678352355955
val/loss-std: 0.02892197475281133
val/loss_channel_type: 0.00013172856270102785
val/loss_channel_type-std: 0.0001182401171877069
val/loss_currency: 0.056698700040578844
val/loss_currency-std: 0.0019136581705266218
val/loss_labels: 2.5509582996368407
val/loss_labels-std: 0.018114838238510823
val/loss_log_amount: 1.2083334922790527
val/loss_log_amount-std: 0.0048394345340760534
val/loss_timestamps: 0.6025911688804626
val/loss_timestamps-std: 0.001658577570517859
val/loss_trx_category: 0.4934543013572693
val/loss_trx_category-std: 0.0031920083648555994
