date: '2025-07-20 10:10:27'
num_seeds: 5
test/accuracy-target_flag: 0.7203999996185303
test/accuracy-target_flag-std: 0.01127121450819084
test/batch-accuracy-target_flag: 0.7203999996185303
test/batch-accuracy-target_flag-std: 0.01127121450819084
test/downstream: 0.7944000005722046
test/downstream-std: 0.0067409122581151
test/loss: 0.6359321475028992
test/loss-std: 0.0036101880932839993
test/loss_target_flag: 0.6359321475028992
test/loss_target_flag-std: 0.0036101880932839993
val/accuracy-target_flag: 0.7041777729988098
val/accuracy-target_flag-std: 0.011601974645017683
val/batch-accuracy-target_flag: 0.7041777729988098
val/batch-accuracy-target_flag-std: 0.011601974645017683
val/downstream: 0.7938000082969665
val/downstream-std: 0.006493069683793564
val/loss: 0.6456617832183837
val/loss-std: 0.0016977642414212181
val/loss_target_flag: 0.6456617832183837
val/loss_target_flag-std: 0.0016977642414212181
