date: '2025-06-09 19:19:54'
test/downstream: 0.8389999866485596
test/loss: 5.081784248352051
test/loss_channel_type: 0.00014254382404033095
test/loss_currency: 0.08807002007961273
test/loss_labels: 2.6051974296569824
test/loss_log_amount: 1.2399697303771973
test/loss_timestamps: 0.6199444532394409
test/loss_trx_category: 0.5284597873687744
val/downstream: 0.8349999785423279
val/loss: 4.942959308624268
val/loss_channel_type: 0.00033255541347898543
val/loss_currency: 0.06460036337375641
val/loss_labels: 2.5669867992401123
val/loss_log_amount: 1.2130422592163086
val/loss_timestamps: 0.6049259901046753
val/loss_trx_category: 0.4930715560913086
