date: '2025-06-09 19:23:26'
test/accuracy-target_flag: 0.7099999785423279
test/batch-accuracy-target_flag: 0.7099999785423279
test/downstream: 0.8410000205039978
test/loss: 0.6372730731964111
test/loss_target_flag: 0.6372730731964111
val/accuracy-target_flag: 0.7097777724266052
val/batch-accuracy-target_flag: 0.7097777724266052
val/downstream: 0.8349999785423279
val/loss: 0.6463403105735779
val/loss_target_flag: 0.6463403105735779
