date: '2025-05-05 13:48:54'
test/accuracy-target_flag: 0.734000027179718
test/batch-accuracy-target_flag: 0.734000027179718
test/downstream: 0.8220000267028809
test/loss: 0.5278483629226685
test/loss_target_flag: 0.5278483629226685
val/accuracy-target_flag: 0.734000027179718
val/batch-accuracy-target_flag: 0.734000027179718
val/downstream: 0.8640000224113464
val/loss: 0.5278483629226685
val/loss_target_flag: 0.5278483629226685
