date: '2025-07-23 17:03:23'
test/downstream: 0.9430000185966492
test/loss: 83.25456237792969
test/loss_coles: 83.25456237792969
val/downstream: 0.9399999976158142
val/loss: 81.24830627441406
val/loss_coles: 81.24830627441406
