date: '2025-07-23 15:28:14'
test/downstream: 0.7269999980926514
test/loss: 1.0860451459884644
test/loss_labels: 1.0196905136108398
test/loss_timestamps: 0.06635456532239914
val/downstream: 0.7239999771118164
val/loss: 1.0832135677337646
val/loss_labels: 1.017622470855713
val/loss_timestamps: 0.06559114158153534
