date: '2025-07-23 15:19:33'
test/downstream: 0.9879999756813049
test/loss: 1.0637364387512207
test/loss_labels: 1.0027674436569214
test/loss_timestamps: 0.060969043523073196
val/downstream: 0.9850000143051147
val/loss: 1.0599088668823242
val/loss_labels: 1.000045657157898
val/loss_timestamps: 0.05986317619681358
