date: '2025-07-23 15:39:16'
test/downstream: 0.8769999742507935
test/loss: 1.0625418424606323
test/loss_labels: 1.0123929977416992
test/loss_timestamps: 0.05014890059828758
val/downstream: 0.871999979019165
val/loss: 1.0588140487670898
val/loss_labels: 1.0095059871673584
val/loss_timestamps: 0.04930806905031204
