date: '2025-07-23 15:16:22'
test/downstream: 0.7829999923706055
test/loss: 1.040218472480774
test/loss_labels: 0.9995749592781067
test/loss_timestamps: 0.040643636137247086
val/downstream: 0.7749999761581421
val/loss: 1.0370861291885376
val/loss_labels: 0.9972428679466248
val/loss_timestamps: 0.039843421429395676
