date: '2025-07-23 01:00:20'
num_seeds: 5
test/downstream: 0.9194000124931335
test/downstream-std: 0.0008000105620263199
test/loss: 1.0721084356307984
test/loss-std: 0.0024788101882585204
test/loss_labels: 0.8467386841773987
test/loss_labels-std: 0.0022087526088195764
test/loss_timestamps: 0.15724685192108154
test/loss_timestamps-std: 5.8097035575109844e-05
test/loss_types: 0.06812304258346558
test/loss_types-std: 0.00024058399909378383
val/downstream: 0.9252000093460083
val/downstream-std: 0.000979783282629809
val/loss: 1.0721176862716675
val/loss-std: 0.002478743502334173
val/loss_labels: 0.8467386841773987
val/loss_labels-std: 0.0022087526088195764
val/loss_timestamps: 0.15725598335266114
val/loss_timestamps-std: 5.593620714217471e-05
val/loss_types: 0.06812304258346558
val/loss_types-std: 0.00024058399909378383
