date: '2026-03-13 03:49:55'
num_seeds: 2
test/downstream-auroc: 0.8994682729244232
test/downstream-auroc-std: 0.0007100999355316162
test/loss: 1.0835673213005066
test/loss-std: 0.0011345744132995605
test/loss_labels: 0.8567966520786285
test/loss_labels-std: 0.000782400369644165
test/loss_timestamps: 0.1579311043024063
test/loss_timestamps-std: 6.879866123199463e-05
test/loss_types: 0.06883978843688965
test/loss_types-std: 0.0002834498882293701
test/ptls-downstream: 0.8986999988555908
test/ptls-downstream-std: 0.0005999999993946403
test/ptls-downstream-std-std: 9.999997564591467e-05
val/downstream-auroc: 0.907794326543808
val/downstream-auroc-std: 0.0011496245861053467
val/loss: 1.089072585105896
val/loss-std: 0.0009537935256958008
val/loss_labels: 0.8598501980304718
val/loss_labels-std: 0.0006045401096343994
val/loss_timestamps: 0.15986140072345734
val/loss_timestamps-std: 7.133185863494873e-05
val/loss_types: 0.06936103105545044
val/loss_types-std: 0.0002779439091682434
val/ptls-downstream: 0.9048999845981598
val/ptls-downstream-std: 0.005200000014156103
val/ptls-downstream-std-std: 9.999983012676239e-05
