date: '2025-07-18 20:43:14'
num_seeds: 5
test/accuracy-target: 0.7111135005950928
test/accuracy-target-std: 0.011879492053881528
test/batch-accuracy-target: 0.7111135005950928
test/batch-accuracy-target-std: 0.011879492053881528
test/downstream: 0.7747999906539917
test/downstream-std: 0.01222128303361219
test/loss: 0.6704243063926697
test/loss-std: 0.0026857766961575157
test/loss_target: 0.6704243063926697
test/loss_target-std: 0.0026857766961575157
val/accuracy-target: 0.7111135005950928
val/accuracy-target-std: 0.011879492053881528
val/batch-accuracy-target: 0.7111135005950928
val/batch-accuracy-target-std: 0.011879492053881528
val/downstream: 0.7790000081062317
val/downstream-std: 0.013667482490540946
val/loss: 0.6704243063926697
val/loss-std: 0.0026857766961575157
val/loss_target: 0.6704243063926697
val/loss_target-std: 0.0026857766961575157
