date: '2026-03-14 17:37:52'
num_seeds: 2
test/accuracy-target: 0.8418422043323517
test/accuracy-target-std: 0.0005911290645599365
test/downstream-auroc: 0.9246437549591064
test/downstream-auroc-std: 0.0006228089332580566
test/loss: 1.7471052408218384
test/loss-std: 0.0006278753280639648
test/loss_1_batch-accuracy-target: 0.8394238948822021
test/loss_1_batch-accuracy-target-std: 0.0023645758628845215
test/loss_1_nans-target: 0.0
test/loss_1_nans-target-std: 0.0
test/loss_loss_0_labels: 0.9170932173728943
test/loss_loss_0_labels-std: 5.704164505004883e-05
test/loss_loss_0_timestamps: 0.15521297603845596
test/loss_loss_0_timestamps-std: 0.0007059499621391296
test/loss_loss_0_types: 0.07153662294149399
test/loss_loss_0_types-std: 7.962435483932495e-05
test/loss_loss_1_target: 0.6032625734806061
test/loss_loss_1_target-std: 0.0014700591564178467
test/macro-auc-target: 0.9114323854446411
test/macro-auc-target-std: 0.0011324882507324219
val/accuracy-target: 0.8513931930065155
val/accuracy-target-std: 0.0016670525074005127
val/downstream-auroc: 0.9307859838008881
val/downstream-auroc-std: 0.0005315244197845459
val/loss: 1.752542495727539
val/loss-std: 0.0009018182754516602
val/loss_1_batch-accuracy-target: 0.8464285433292389
val/loss_1_batch-accuracy-target-std: 0.0030952394008636475
val/loss_1_nans-target: 0.0
val/loss_1_nans-target-std: 0.0
val/loss_loss_0_labels: 0.9200449585914612
val/loss_loss_0_labels-std: 1.0132789611816406e-05
val/loss_loss_0_timestamps: 0.15710531175136566
val/loss_loss_0_timestamps-std: 0.0007126331329345703
val/loss_loss_0_types: 0.0718303807079792
val/loss_loss_0_types-std: 7.322058081626892e-05
val/loss_loss_1_target: 0.6035618484020233
val/loss_loss_1_target-std: 0.00010606646537780762
val/macro-auc-target: 0.9210726320743561
val/macro-auc-target-std: 5.492568016052246e-05
