date: '2025-08-02 01:50:57'
num_seeds: 5
test/downstream: 0.9200199842453003
test/downstream-std: 0.0008611659241914349
test/loss: 1.0694851875305176
test/loss-std: 0.0009362382315214952
test/loss_labels: 0.844485080242157
test/loss_labels-std: 0.000835224021523961
test/loss_timestamps: 0.15714909136295319
test/loss_timestamps-std: 3.4788268922498676e-05
test/loss_types: 0.06785099357366561
test/loss_types-std: 9.40911767036211e-05
val/downstream: 0.9253000020980835
val/downstream-std: 0.0010256605617283642
val/loss: 1.0694904327392578
val/loss-std: 0.0009357293708748866
val/loss_labels: 0.844485080242157
val/loss_labels-std: 0.000835224021523961
val/loss_timestamps: 0.15715443193912507
val/loss_timestamps-std: 3.740320711638185e-05
val/loss_types: 0.06785099357366561
val/loss_types-std: 9.40911767036211e-05
