date: '2026-03-17 11:14:06'
num_seeds: 5
test/accuracy-target: 0.8276440143585205
test/accuracy-target-std: 0.030884680693412464
test/batch-accuracy-target: 0.8290197730064393
test/batch-accuracy-target-std: 0.03185915094048811
test/downstream-auroc: 0.9142212629318237
test/downstream-auroc-std: 0.0012599347705083766
test/loss: 0.397368049621582
test/loss-std: 0.07750112251180381
test/loss_target: 0.397368049621582
test/loss_target-std: 0.07750112251180381
test/macro-auc-target: 0.9051230549812317
test/macro-auc-target-std: 0.010188627170123093
test/ptls-downstream: 0.9139333367347717
test/ptls-downstream-std: 0.00026666667448201525
test/ptls-downstream-std-std: 4.714046117799312e-05
val/accuracy-target: 0.8290545344352722
val/accuracy-target-std: 0.034822478025194704
val/batch-accuracy-target: 0.827142858505249
val/batch-accuracy-target-std: 0.03407341310306447
val/downstream-auroc: 0.918428897857666
val/downstream-auroc-std: 0.002229820117668914
val/loss: 0.4035621225833893
val/loss-std: 0.07139324804314379
val/loss_target: 0.4035621225833893
val/loss_target-std: 0.07139324804314379
val/macro-auc-target: 0.9101652503013611
val/macro-auc-target-std: 0.007514578635871096
val/ptls-downstream: 0.9473999937375387
val/ptls-downstream-std: 0.0038333332631736994
val/ptls-downstream-std-std: 9.428085375759999e-05
