date: '2026-03-14 17:39:09'
num_seeds: 2
test/accuracy-target: 0.8257738649845123
test/accuracy-target-std: 0.004514187574386597
test/downstream-auroc: 0.9230599999427795
test/downstream-auroc-std: 0.0005948543548583984
test/loss: 1.7560768127441406
test/loss-std: 0.011507034301757812
test/loss_1_batch-accuracy-target: 0.8259888291358948
test/loss_1_batch-accuracy-target-std: 0.002257108688354492
test/loss_1_nans-target: 0.0
test/loss_1_nans-target-std: 0.0
test/loss_loss_0_labels: 0.9265334606170654
test/loss_loss_0_labels-std: 0.008045375347137451
test/loss_loss_0_timestamps: 0.15116505324840546
test/loss_loss_0_timestamps-std: 0.0009816288948059082
test/loss_loss_0_types: 0.07266499474644661
test/loss_loss_0_types-std: 0.0004048459231853485
test/loss_loss_1_target: 0.6057133674621582
test/loss_loss_1_target-std: 0.0020754337310791016
test/macro-auc-target: 0.8990904092788696
test/macro-auc-target-std: 0.006259799003601074
val/accuracy-target: 0.8319838047027588
val/accuracy-target-std: 0.00154799222946167
val/downstream-auroc: 0.931967556476593
val/downstream-auroc-std: 0.0006153583526611328
val/loss: 1.7615419626235962
val/loss-std: 0.009003520011901855
val/loss_1_batch-accuracy-target: 0.825476199388504
val/loss_1_batch-accuracy-target-std: 0.0007142722606658936
val/loss_1_nans-target: 0.0
val/loss_1_nans-target-std: 0.0
val/loss_loss_0_labels: 0.9298197627067566
val/loss_loss_0_labels-std: 0.007646620273590088
val/loss_loss_0_timestamps: 0.15282462537288666
val/loss_loss_0_timestamps-std: 0.0007513761520385742
val/loss_loss_0_types: 0.07311265543103218
val/loss_loss_0_types-std: 0.00031487271189689636
val/loss_loss_1_target: 0.6057848632335663
val/loss_loss_1_target-std: 0.0002906620502471924
val/macro-auc-target: 0.9086499512195587
val/macro-auc-target-std: 0.0030381381511688232
