date: '2026-03-14 17:21:05'
num_seeds: 2
test/downstream-auroc: 0.9186059832572937
test/downstream-auroc-std: 0.0008906126022338867
test/loss: 1.0886444449424744
test/loss-std: 0.00907212495803833
test/loss_labels: 0.861336886882782
test/loss_labels-std: 0.00792473554611206
test/loss_timestamps: 0.1580747812986374
test/loss_timestamps-std: 0.000374525785446167
test/loss_types: 0.06923308223485947
test/loss_types-std: 0.0007728487253189087
val/downstream-auroc: 0.9262254238128662
val/downstream-auroc-std: 0.000494539737701416
val/loss: 1.094456970691681
val/loss-std: 0.009165585041046143
val/loss_labels: 0.8648041784763336
val/loss_labels-std: 0.007950156927108765
val/loss_timestamps: 0.16003364324569702
val/loss_timestamps-std: 0.00038889050483703613
val/loss_types: 0.06961916014552116
val/loss_types-std: 0.0008265562355518341
