date: '2026-03-13 04:47:32'
num_seeds: 2
test/downstream-auroc: 0.9074792563915253
test/downstream-auroc-std: 0.0009177029132843018
test/loss: 1.1492822170257568
test/loss-std: 0.0020395517349243164
test/loss_labels: 0.9181928634643555
test/loss_labels-std: 0.0016405582427978516
test/loss_timestamps: 0.15865551680326462
test/loss_timestamps-std: 5.81890344619751e-06
test/loss_types: 0.07243377342820168
test/loss_types-std: 0.0003927163779735565
test/ptls-downstream: 0.9068999886512756
test/ptls-downstream-std: 0.0006500000017695129
test/ptls-downstream-std-std: 4.999997327104211e-05
val/downstream-auroc: 0.9162026047706604
val/downstream-auroc-std: 0.00034248828887939453
val/loss: 1.1561864614486694
val/loss-std: 0.0011777877807617188
val/loss_labels: 0.9226525723934174
val/loss_labels-std: 0.00111350417137146
val/loss_timestamps: 0.16058485209941864
val/loss_timestamps-std: 5.841255187988281e-06
val/loss_types: 0.07294914498925209
val/loss_types-std: 6.979331374168396e-05
val/ptls-downstream: 0.9131500124931335
val/ptls-downstream-std: 0.004799999995157123
val/ptls-downstream-std-std: 0.00030000018887221813
