date: '2026-03-15 05:29:35'
num_seeds: 5
test/accuracy-target: 0.825107479095459
test/accuracy-target-std: 0.014779485135198469
test/batch-accuracy-target: 0.8260963082313537
test/batch-accuracy-target-std: 0.010799533604781485
test/downstream-auroc: 0.9058378219604493
test/downstream-auroc-std: 0.007980319728306349
test/loss: 0.38320919275283816
test/loss-std: 0.019865416961395366
test/loss_target: 0.38320919275283816
test/loss_target-std: 0.019865416961395366
test/macro-auc-target: 0.8944506525993348
test/macro-auc-target-std: 0.01472452427826122
val/accuracy-target: 0.8297689914703369
val/accuracy-target-std: 0.013711763584231092
val/batch-accuracy-target: 0.8247619032859802
val/batch-accuracy-target-std: 0.0173975715370257
val/downstream-auroc: 0.9141174197196961
val/downstream-auroc-std: 0.007105586433179818
val/loss: 0.37477712631225585
val/loss-std: 0.025270120321275978
val/loss_target: 0.37477712631225585
val/loss_target-std: 0.025270120321275978
val/macro-auc-target: 0.9037986159324646
val/macro-auc-target-std: 0.013415174522880952
