date: '2026-03-14 18:06:12'
num_seeds: 2
test/accuracy-target: 0.8186801373958588
test/accuracy-target-std: 0.0022570788860321045
test/downstream-auroc: 0.9018684327602386
test/downstream-auroc-std: 0.000374525785446167
test/loss: 1.7450135350227356
test/loss-std: 0.0002676844596862793
test/loss_1_batch-accuracy-target: 0.8208297491073608
test/loss_1_batch-accuracy-target-std: 0.0026870369911193848
test/loss_1_nans-target: 0.0
test/loss_1_nans-target-std: 0.0
test/loss_loss_0_labels: 0.9053913652896881
test/loss_loss_0_labels-std: 0.0013746321201324463
test/loss_loss_0_timestamps: 0.14912493526935577
test/loss_loss_0_timestamps-std: 3.400444984436035e-05
test/loss_loss_0_types: 0.07139262184500694
test/loss_loss_0_types-std: 5.101785063743591e-05
test/loss_loss_1_target: 0.6191045343875885
test/loss_loss_1_target-std: 0.001089721918106079
test/macro-auc-target: 0.8889362215995789
test/macro-auc-target-std: 5.239248275756836e-05
val/accuracy-target: 0.8200762271881104
val/accuracy-target-std: 0.000595390796661377
val/downstream-auroc: 0.9112676084041595
val/downstream-auroc-std: 0.000332564115524292
val/loss: 1.752994418144226
val/loss-std: 7.271766662597656e-06
val/loss_1_batch-accuracy-target: 0.8111904859542847
val/loss_1_batch-accuracy-target-std: 0.001190483570098877
val/loss_1_nans-target: 0.0
val/loss_1_nans-target-std: 0.0
val/loss_loss_0_labels: 0.909708559513092
val/loss_loss_0_labels-std: 0.0012407898902893066
val/loss_loss_0_timestamps: 0.15081512182950974
val/loss_loss_0_timestamps-std: 4.254281520843506e-06
val/loss_loss_0_types: 0.07166202738881111
val/loss_loss_0_types-std: 0.00014461949467658997
val/loss_loss_1_target: 0.6208088397979736
val/loss_loss_1_target-std: 0.0010990500450134277
val/macro-auc-target: 0.8974854350090027
val/macro-auc-target-std: 0.00018841028213500977
