date: '2025-08-02 02:01:23'
num_seeds: 5
test/accuracy-target: 0.8573086977005004
test/accuracy-target-std: 0.0037538762003975577
test/batch-accuracy-target: 0.8573086977005004
test/batch-accuracy-target-std: 0.0037538762003975577
test/downstream: 0.9296599984169006
test/downstream-std: 0.0007418930401971123
test/loss: 0.3285447657108307
test/loss-std: 0.005564767394402604
test/loss_target: 0.3285447657108307
test/loss_target-std: 0.005564767394402604
val/accuracy-target: 0.8573086977005004
val/accuracy-target-std: 0.0037538762003975577
val/batch-accuracy-target: 0.8573086977005004
val/batch-accuracy-target-std: 0.0037538762003975577
val/downstream: 0.9501599907875061
val/downstream-std: 0.003124493162302687
val/loss: 0.3285447657108307
val/loss-std: 0.005564767394402604
val/loss_target: 0.3285447657108307
val/loss_target-std: 0.005564767394402604
