date: '2026-03-13 05:41:25'
num_seeds: 4
test/accuracy-target: 0.838725283741951
test/accuracy-target-std: 0.003667351704976343
test/downstream-auroc: 0.9213417321443558
test/downstream-auroc-std: 0.0007223288867650319
test/loss: 1.7569987177848816
test/loss-std: 0.010327601491356283
test/loss_1_batch-accuracy-target: 0.83775794506073
test/loss_1_batch-accuracy-target-std: 0.0039090408368592944
test/loss_1_nans-target: 0.0
test/loss_1_nans-target-std: 0.0
test/loss_loss_0_labels: 0.9311742186546326
test/loss_loss_0_labels-std: 0.00838885401815676
test/loss_loss_0_timestamps: 0.1508617252111435
test/loss_loss_0_timestamps-std: 0.00025407368667673046
test/loss_loss_0_types: 0.07082782126963139
test/loss_loss_0_types-std: 0.0003510083522271191
test/loss_loss_1_target: 0.604135051369667
test/loss_loss_1_target-std: 0.0028880662116094907
test/macro-auc-target: 0.9107045978307724
test/macro-auc-target-std: 0.0010285575512365556
test/ptls-downstream: 0.9208749979734421
test/ptls-downstream-std: 0.0004000000044470653
test/ptls-downstream-std-std: 7.071068147723324e-05
val/accuracy-target: 0.8453798592090607
val/accuracy-target-std: 0.0037442848027028157
val/downstream-auroc: 0.9293988943099976
val/downstream-auroc-std: 0.0016136447710599698
val/loss: 1.7618294060230255
val/loss-std: 0.00841496672813634
val/loss_1_batch-accuracy-target: 0.8426190316677094
val/loss_1_batch-accuracy-target-std: 0.002867051726032243
val/loss_1_nans-target: 0.0
val/loss_1_nans-target-std: 0.0
val/loss_loss_0_labels: 0.9343806505203247
val/loss_loss_0_labels-std: 0.008643639692506117
val/loss_loss_0_timestamps: 0.15277224406599998
val/loss_loss_0_timestamps-std: 0.00036779481936695515
val/loss_loss_0_types: 0.07110423780977726
val/loss_loss_0_types-std: 0.00043135370317524496
val/loss_loss_1_target: 0.6035724133253098
val/loss_loss_1_target-std: 0.0023556987109625803
val/macro-auc-target: 0.9196124523878098
val/macro-auc-target-std: 0.0011266974412351982
val/ptls-downstream: 0.9496750086545944
val/ptls-downstream-std: 0.003375000029336661
val/ptls-downstream-std-std: 0.00044930508152533666
