date: '2026-03-17 11:25:32'
num_seeds: 5
test/accuracy-target: 0.674785041809082
test/accuracy-target-std: 0.006316498806980329
test/batch-accuracy-target: 0.6769561409950257
test/batch-accuracy-target-std: 0.010369412687388595
test/downstream-auroc: 0.7768114089965821
test/downstream-auroc-std: 0.016334691056602107
test/loss: 0.5721817255020142
test/loss-std: 0.016162836052382168
test/loss_target: 0.5721817255020142
test/loss_target-std: 0.016162836052382168
test/macro-auc-target: 0.7331244587898255
test/macro-auc-target-std: 0.009314075441249887
test/ptls-downstream: 0.7715000063180923
test/ptls-downstream-std: 0.0007750000077066943
test/ptls-downstream-std-std: 0.00031124749304480237
val/accuracy-target: 0.6783043742179871
val/accuracy-target-std: 0.011377986711243217
val/batch-accuracy-target: 0.6740000009536743
val/batch-accuracy-target-std: 0.011513961806977849
val/downstream-auroc: 0.7865628361701965
val/downstream-auroc-std: 0.017540729686249326
val/loss: 0.5729678750038147
val/loss-std: 0.023727584609726775
val/loss_target: 0.5729678750038147
val/loss_target-std: 0.023727584609726775
val/macro-auc-target: 0.7464770793914794
val/macro-auc-target-std: 0.008821954367690177
val/ptls-downstream: 0.7796500027179718
val/ptls-downstream-std: 0.004149999935179949
val/ptls-downstream-std-std: 0.001001249228040678
