date: '2025-07-18 22:16:51'
num_seeds: 5
test/downstream: 0.9127999901771545
test/downstream-std: 0.0009797832826298088
test/loss: 1.071111536026001
test/loss-std: 0.0021464746307815557
test/loss_labels: 0.8456990838050842
test/loss_labels-std: 0.00189103455115402
test/loss_timestamps: 0.15731776356697083
test/loss_timestamps-std: 0.00012995537789072269
test/loss_types: 0.06809459328651428
test/loss_types-std: 0.00016457278526633165
val/downstream: 0.9192000150680542
val/downstream-std: 0.000748340959033207
val/loss: 1.07111496925354
val/loss-std: 0.002147115422396987
val/loss_labels: 0.8456990838050842
val/loss_labels-std: 0.00189103455115402
val/loss_timestamps: 0.1573215276002884
val/loss_timestamps-std: 0.0001315214986981033
val/loss_types: 0.06809459328651428
val/loss_types-std: 0.00016457278526633165
