date: '2026-03-16 18:56:21'
num_seeds: 5
test/accuracy-target: 0.8369088649749756
test/accuracy-target-std: 0.001701591159759086
test/batch-accuracy-target: 0.839724862575531
test/batch-accuracy-target-std: 0.0023255521197107763
test/downstream-auroc: 0.9190897822380066
test/downstream-auroc-std: 0.001499873279014935
test/loss: 0.3714504361152649
test/loss-std: 0.009650585415912802
test/loss_target: 0.3714504361152649
test/loss_target-std: 0.009650585415912802
test/macro-auc-target: 0.9089745044708252
test/macro-auc-target-std: 0.002408237634782615
val/accuracy-target: 0.8422481536865234
val/accuracy-target-std: 0.004023581038411585
val/batch-accuracy-target: 0.8380952477455139
val/batch-accuracy-target-std: 0.003115313638706312
val/downstream-auroc: 0.9262100219726562
val/downstream-auroc-std: 0.001378697701332749
val/loss: 0.375411057472229
val/loss-std: 0.013367596225178786
val/loss_target: 0.375411057472229
val/loss_target-std: 0.013367596225178786
val/macro-auc-target: 0.9154425382614135
val/macro-auc-target-std: 0.00305216811688953
