date: '2026-03-13 04:23:10'
num_seeds: 2
test/downstream-auroc: 0.9178819358348846
test/downstream-auroc-std: 0.00026234984397888184
test/loss: 1.0800750851631165
test/loss-std: 0.0006052851676940918
test/loss_labels: 0.8539437651634216
test/loss_labels-std: 0.00034624338150024414
test/loss_timestamps: 0.1577066257596016
test/loss_timestamps-std: 2.2433698177337646e-05
test/loss_types: 0.06842489540576935
test/loss_types-std: 0.00023664534091949463
test/ptls-downstream: 0.9167499840259552
test/ptls-downstream-std: 0.00035000000207219273
test/ptls-downstream-std-std: 4.999998782295734e-05
val/downstream-auroc: 0.925007551908493
val/downstream-auroc-std: 0.00069466233253479
val/loss: 1.0861384868621826
val/loss-std: 0.000213623046875
val/loss_labels: 0.8577845692634583
val/loss_labels-std: 0.00039523839950561523
val/loss_timestamps: 0.15963152796030045
val/loss_timestamps-std: 2.2269785404205322e-05
val/loss_types: 0.06872251257300377
val/loss_types-std: 0.00015947595238685608
val/ptls-downstream: 0.9212499856948853
val/ptls-downstream-std: 0.00375000003259629
val/ptls-downstream-std-std: 0.0003499999875202775
