date: '2026-03-16 16:19:26'
num_seeds: 5
test/downstream-auroc: 0.9069198846817017
test/downstream-auroc-std: 0.0012340370607018996
test/loss: 1.1534864902496338
test/loss-std: 0.008819375429699546
test/loss_labels: 0.9217984557151795
test/loss_labels-std: 0.007960919011440123
test/loss_timestamps: 0.15865121483802797
test/loss_timestamps-std: 4.046220756650507e-05
test/loss_types: 0.0730367809534073
test/loss_types-std: 0.0008612688533417511
test/ptls-downstream: 0.9068999886512756
test/ptls-downstream-std: 0.0006500000017695129
test/ptls-downstream-std-std: 4.999997327104211e-05
val/downstream-auroc: 0.9158949971199035
val/downstream-auroc-std: 0.0007652469506344962
val/loss: 1.1605463743209838
val/loss-std: 0.008674164050124632
val/loss_labels: 0.9263913750648498
val/loss_labels-std: 0.007841196622168289
val/loss_timestamps: 0.1606030583381653
val/loss_timestamps-std: 3.9638187188869e-05
val/loss_types: 0.07355193942785263
val/loss_types-std: 0.0008200552456523242
val/ptls-downstream: 0.9131500124931335
val/ptls-downstream-std: 0.004799999995157123
val/ptls-downstream-std-std: 0.00030000018887221813
