date: '2025-07-31 11:53:16'
num_seeds: 5
test/accuracy-target: 0.7494410872459412
test/accuracy-target-std: 0.0441666410807176
test/batch-accuracy-target: 0.7494410872459412
test/batch-accuracy-target-std: 0.0441666410807176
test/downstream: 0.8442600131034851
test/downstream-std: 0.04253105922468115
test/loss: 0.48983502984046934
test/loss-std: 0.057984250183524745
test/loss_target: 0.48983502984046934
test/loss_target-std: 0.057984250183524745
val/accuracy-target: 0.7494410872459412
val/accuracy-target-std: 0.0441666410807176
val/batch-accuracy-target: 0.7494410872459412
val/batch-accuracy-target-std: 0.0441666410807176
val/downstream: 0.8492799878120423
val/downstream-std: 0.044625889993233955
val/loss: 0.48983502984046934
val/loss-std: 0.057984250183524745
val/loss_target: 0.48983502984046934
val/loss_target-std: 0.057984250183524745
