date: '2025-07-18 18:40:23'
num_seeds: 5
test/downstream: 0.9068000078201294
test/downstream-std: 0.0007483218428839018
test/loss: 1.1367480039596558
test/loss-std: 0.006061218826107013
test/loss_labels: 0.9060550808906556
test/loss_labels-std: 0.005844474520648138
test/loss_timestamps: 0.15845978260040283
test/loss_timestamps-std: 0.0003891300616865242
test/loss_types: 0.07223298102617264
test/loss_types-std: 0.0005423420955752479
val/downstream: 0.9137999892234803
val/downstream-std: 0.001720465075603327
val/loss: 1.136744236946106
val/loss-std: 0.006069899639876638
val/loss_labels: 0.9060550808906556
val/loss_labels-std: 0.005844474520648138
val/loss_timestamps: 0.15845614075660705
val/loss_timestamps-std: 0.00037233451504760194
val/loss_types: 0.07223298102617264
val/loss_types-std: 0.0005423420955752479
