date: '2026-03-13 04:17:49'
num_seeds: 3
test/downstream-auroc: 0.8585127592086792
test/downstream-auroc-std: 0.007360401649928973
test/loss: 1.3372681538263957
test/loss-std: 0.0024455804633322503
test/loss_labels: 1.0899569590886433
test/loss_labels-std: 0.003983272646688253
test/loss_timestamps: 0.1593576023976008
test/loss_timestamps-std: 0.00016566535551435922
test/loss_types: 0.08795373141765594
test/loss_types-std: 0.0017614035983508512
test/ptls-downstream: 0.8573333422342936
test/ptls-downstream-std: 0.0006666666595265269
test/ptls-downstream-std-std: 0.0001247218928886851
val/downstream-auroc: 0.8658976356188456
val/downstream-auroc-std: 0.008087815787701957
val/loss: 1.3419053554534912
val/loss-std: 0.0020023416011083857
val/loss_labels: 1.092551549275716
val/loss_labels-std: 0.0034348664968079996
val/loss_timestamps: 0.16131648421287537
val/loss_timestamps-std: 0.00016656138094966468
val/loss_types: 0.08803728471199672
val/loss_types-std: 0.001615248886416635
val/ptls-downstream: 0.8630333344141642
val/ptls-downstream-std: 0.0037666666321456432
val/ptls-downstream-std-std: 0.001811690427602546
