date: '2026-03-13 03:41:36'
num_seeds: 4
test/accuracy-target: 0.6769937723875046
test/accuracy-target-std: 0.005047795819259721
test/batch-accuracy-target: 0.6798688620328903
test/batch-accuracy-target-std: 0.009590942609025549
test/downstream-auroc: 0.7728106826543808
test/downstream-auroc-std: 0.015921639631877798
test/loss: 0.572363018989563
test/loss-std: 0.01806605241681461
test/loss_target: 0.572363018989563
test/loss_target-std: 0.01806605241681461
test/macro-auc-target: 0.7330516278743744
test/macro-auc-target-std: 0.010412179404206913
test/ptls-downstream: 0.7715000063180923
test/ptls-downstream-std: 0.0007750000077066943
test/ptls-downstream-std-std: 0.00031124749304480237
val/accuracy-target: 0.6812336444854736
val/accuracy-target-std: 0.010905049541456921
val/batch-accuracy-target: 0.6767857223749161
val/batch-accuracy-target-std: 0.011265563742301346
val/downstream-auroc: 0.7831331044435501
val/downstream-auroc-std: 0.018049409930071404
val/loss: 0.5749425739049911
val/loss-std: 0.026158185344422148
val/loss_target: 0.5749425739049911
val/loss_target-std: 0.026158185344422148
val/macro-auc-target: 0.7451455593109131
val/macro-auc-target-std: 0.009403130859307015
val/ptls-downstream: 0.7796500027179718
val/ptls-downstream-std: 0.004149999935179949
val/ptls-downstream-std-std: 0.001001249228040678
