date: '2026-03-14 17:20:02'
num_seeds: 2
test/accuracy-target: 0.8129299283027649
test/accuracy-target-std: 0.0013434886932373047
test/downstream-auroc: 0.902491420507431
test/downstream-auroc-std: 0.001960068941116333
test/loss: 1.7428589463233948
test/loss-std: 0.005569279193878174
test/loss_1_batch-accuracy-target: 0.8170679211616516
test/loss_1_batch-accuracy-target-std: 0.0010747909545898438
test/loss_1_nans-target: 0.0
test/loss_1_nans-target-std: 0.0
test/loss_loss_0_labels: 0.8976486623287201
test/loss_loss_0_labels-std: 0.0013008415699005127
test/loss_loss_0_timestamps: 0.15313193947076797
test/loss_loss_0_timestamps-std: 0.002410687506198883
test/loss_loss_0_types: 0.06986860185861588
test/loss_loss_0_types-std: 5.710124969482422e-05
test/loss_loss_1_target: 0.622209906578064
test/loss_loss_1_target-std: 0.0018002986907958984
test/macro-auc-target: 0.8806057572364807
test/macro-auc-target-std: 0.0017161965370178223
val/accuracy-target: 0.8128125965595245
val/accuracy-target-std: 0.003334134817123413
val/downstream-auroc: 0.9103063642978668
val/downstream-auroc-std: 0.00045374035835266113
val/loss: 1.7502709031105042
val/loss-std: 0.005559146404266357
val/loss_1_batch-accuracy-target: 0.8035714328289032
val/loss_1_batch-accuracy-target-std: 0.00023809075355529785
val/loss_1_nans-target: 0.0
val/loss_1_nans-target-std: 0.0
val/loss_loss_0_labels: 0.9010410904884338
val/loss_loss_0_labels-std: 0.0011110901832580566
val/loss_loss_0_timestamps: 0.1549949198961258
val/loss_loss_0_timestamps-std: 0.0024983584880828857
val/loss_loss_0_types: 0.07004008442163467
val/loss_loss_0_types-std: 0.00017529726028442383
val/loss_loss_1_target: 0.6241948902606964
val/loss_loss_1_target-std: 0.0017743408679962158
val/macro-auc-target: 0.8879420757293701
val/macro-auc-target-std: 0.0015592575073242188
