date: '2025-07-20 01:01:35'
num_seeds: 5
test/accuracy-target: 0.8468400597572326
test/accuracy-target-std: 0.0030695239150979226
test/batch-accuracy-target: 0.8468400597572326
test/batch-accuracy-target-std: 0.0030695239150979226
test/downstream: 0.9258000016212463
test/downstream-std: 0.0014696749239447133
test/loss: 0.5999146580696106
test/loss-std: 0.0023540729883549903
test/loss_target: 0.5999146580696106
test/loss_target-std: 0.0023540729883549903
val/accuracy-target: 0.8468400597572326
val/accuracy-target-std: 0.0030695239150979226
val/batch-accuracy-target: 0.8468400597572326
val/batch-accuracy-target-std: 0.0030695239150979226
val/downstream: 0.9437999963760376
val/downstream-std: 0.002039603756236095
val/loss: 0.5999146580696106
val/loss-std: 0.0023540729883549903
val/loss_target: 0.5999146580696106
val/loss_target-std: 0.0023540729883549903
