date: '2026-03-13 03:57:18'
num_seeds: 2
test/accuracy-target: 0.8427557945251465
test/accuracy-target-std: 0.0009673237800598145
test/downstream-auroc: 0.9212369024753571
test/downstream-auroc-std: 0.0006393492221832275
test/loss: 1.7370922565460205
test/loss-std: 5.233287811279297e-05
test/loss_1_batch-accuracy-target: 0.8442605137825012
test/loss_1_batch-accuracy-target-std: 0.0029019713401794434
test/loss_1_nans-target: 0.0
test/loss_1_nans-target-std: 0.0
test/loss_loss_0_labels: 0.9140434563159943
test/loss_loss_0_labels-std: 0.0015185177326202393
test/loss_loss_0_timestamps: 0.150453582406044
test/loss_loss_0_timestamps-std: 0.00029075145721435547
test/loss_loss_0_types: 0.07197211310267448
test/loss_loss_0_types-std: 0.0002169199287891388
test/loss_loss_1_target: 0.6006228625774384
test/loss_loss_1_target-std: 0.0009580552577972412
test/macro-auc-target: 0.9110350608825684
test/macro-auc-target-std: 0.0001971721649169922
test/ptls-downstream: 0.9211000204086304
test/ptls-downstream-std: 0.00035000000207219273
test/ptls-downstream-std-std: 4.999998782295734e-05
val/accuracy-target: 0.8488925695419312
val/accuracy-target-std: 0.0020242929458618164
val/downstream-auroc: 0.9286178052425385
val/downstream-auroc-std: 0.0008740127086639404
val/loss: 1.7433112859725952
val/loss-std: 0.0013686418533325195
val/loss_1_batch-accuracy-target: 0.8454761803150177
val/loss_1_batch-accuracy-target-std: 0.004047602415084839
val/loss_1_nans-target: 0.0
val/loss_1_nans-target-std: 0.0
val/loss_loss_0_labels: 0.9178085625171661
val/loss_loss_0_labels-std: 0.0012511909008026123
val/loss_loss_0_timestamps: 0.1522981822490692
val/loss_loss_0_timestamps-std: 0.00025059282779693604
val/loss_loss_0_types: 0.07240631431341171
val/loss_loss_0_types-std: 0.0001745373010635376
val/loss_loss_1_target: 0.6007983088493347
val/loss_loss_1_target-std: 0.002194643020629883
val/macro-auc-target: 0.9188686013221741
val/macro-auc-target-std: 0.00044912099838256836
val/ptls-downstream: 0.9402999877929688
val/ptls-downstream-std: 0.004450000124052167
val/ptls-downstream-std-std: 0.0004499999340623617
