date: '2026-03-17 12:14:05'
num_seeds: 5
test/downstream-auroc: 0.9176062941551208
test/downstream-auroc-std: 0.0007422672234942407
test/loss: 1.0798404216766357
test/loss-std: 0.0009493017569223592
test/loss_labels: 0.8538746356964111
test/loss_labels-std: 0.0008198339514893328
test/loss_timestamps: 0.15770649313926696
test/loss_timestamps-std: 4.289314052427199e-05
test/loss_types: 0.06825936883687973
test/loss_types-std: 0.00023645793091816737
test/ptls-downstream: 0.9167499840259552
test/ptls-downstream-std: 0.00035000000207219273
test/ptls-downstream-std-std: 4.999998782295734e-05
val/downstream-auroc: 0.9247815370559692
val/downstream-auroc-std: 0.0005742343236195126
val/loss: 1.0863964080810546
val/loss-std: 0.0003767643767164044
val/loss_labels: 0.8580948948860169
val/loss_labels-std: 0.0004554625218265986
val/loss_timestamps: 0.15964312553405763
val/loss_timestamps-std: 3.704147829801963e-05
val/loss_types: 0.06865834295749665
val/loss_types-std: 0.00018338493936828317
val/ptls-downstream: 0.9212499856948853
val/ptls-downstream-std: 0.00375000003259629
val/ptls-downstream-std-std: 0.0003499999875202775
