date: '2026-03-17 11:21:43'
num_seeds: 5
test/accuracy-target: 0.8391014695167541
test/accuracy-target-std: 0.0033653584907185345
test/downstream-auroc: 0.9221185088157654
test/downstream-auroc-std: 0.0016825383221516594
test/loss: 1.756265139579773
test/loss-std: 0.009353075963737988
test/loss_1_batch-accuracy-target: 0.8381341338157654
test/loss_1_batch-accuracy-target-std: 0.0035763881401558234
test/loss_1_nans-target: 0.0
test/loss_1_nans-target-std: 0.0
test/loss_loss_0_labels: 0.9302770137786865
test/loss_loss_0_labels-std: 0.007714804193758989
test/loss_loss_0_timestamps: 0.15077836215496063
test/loss_loss_0_timestamps-std: 0.00028185164032482036
test/loss_loss_0_types: 0.07076890170574188
test/loss_loss_0_types-std: 0.000335337964898511
test/loss_loss_1_target: 0.6044408559799195
test/loss_loss_1_target-std: 0.002654582263317292
test/macro-auc-target: 0.9106497645378113
test/macro-auc-target-std: 0.0009264832804926551
test/ptls-downstream: 0.9208749979734421
test/ptls-downstream-std: 0.0004000000044470653
test/ptls-downstream-std-std: 7.071068147723324e-05
val/accuracy-target: 0.8457251787185669
val/accuracy-target-std: 0.0034194615367895997
val/downstream-auroc: 0.929711127281189
val/downstream-auroc-std: 0.001572589352288575
val/loss: 1.7613294839859008
val/loss-std: 0.007592695186909895
val/loss_1_batch-accuracy-target: 0.8421904683113098
val/loss_1_batch-accuracy-target-std: 0.002703822235574912
val/loss_1_nans-target: 0.0
val/loss_1_nans-target-std: 0.0
val/loss_loss_0_labels: 0.9334015488624573
val/loss_loss_0_labels-std: 0.007975247076602004
val/loss_loss_0_timestamps: 0.15266281366348267
val/loss_loss_0_timestamps-std: 0.0003951183054516034
val/loss_loss_0_types: 0.071049165725708
val/loss_loss_0_types-std: 0.0004012288020186498
val/loss_loss_1_target: 0.6042159557342529
val/loss_loss_1_target-std: 0.0024690160918669924
val/macro-auc-target: 0.9197169184684754
val/macro-auc-target-std: 0.0010291794534031814
val/ptls-downstream: 0.9496750086545944
val/ptls-downstream-std: 0.003375000029336661
val/ptls-downstream-std-std: 0.00044930508152533666
