date: '2025-07-31 11:55:21'
num_seeds: 5
test/accuracy-target: 0.8597807288169861
test/accuracy-target-std: 0.0009384704495389194
test/batch-accuracy-target: 0.8597807288169861
test/batch-accuracy-target-std: 0.0009384704495389194
test/downstream: 0.9291399955749512
test/downstream-std: 0.0015486664301463348
test/loss: 0.3284390330314636
test/loss-std: 0.006429352293677412
test/loss_target: 0.3284390330314636
test/loss_target-std: 0.006429352293677412
val/accuracy-target: 0.8597807288169861
val/accuracy-target-std: 0.0009384704495389194
val/batch-accuracy-target: 0.8597807288169861
val/batch-accuracy-target-std: 0.0009384704495389194
val/downstream: 0.9610999941825866
val/downstream-std: 0.002297825046190386
val/loss: 0.3284390330314636
val/loss-std: 0.006429352293677412
val/loss_target: 0.3284390330314636
val/loss_target-std: 0.006429352293677412
