date: '2026-03-13 05:23:56'
num_seeds: 3
test/accuracy-target: 0.8444754878679911
test/accuracy-target-std: 0.00307902025094127
test/batch-accuracy-target: 0.8466609319051107
test/batch-accuracy-target-std: 0.002754725546256265
test/downstream-auroc: 0.9144535462061564
test/downstream-auroc-std: 0.0012979713118761096
test/loss: 0.35482869545618695
test/loss-std: 0.003715819876931045
test/loss_target: 0.35482869545618695
test/loss_target-std: 0.003715819876931045
test/macro-auc-target: 0.9100170930226644
test/macro-auc-target-std: 0.0013801446229337166
test/ptls-downstream: 0.9139333367347717
test/ptls-downstream-std: 0.00026666667448201525
test/ptls-downstream-std-std: 4.714046117799312e-05
val/accuracy-target: 0.8489322861035665
val/accuracy-target-std: 0.001947741417927357
val/batch-accuracy-target: 0.8449206352233887
val/batch-accuracy-target-std: 0.0008093529322563163
val/downstream-auroc: 0.9179047544797262
val/downstream-auroc-std: 0.002625965282381844
val/loss: 0.3648277819156647
val/loss-std: 0.012057058006521628
val/loss_target: 0.3648277819156647
val/loss_target-std: 0.012057058006521628
val/macro-auc-target: 0.9142157236735026
val/macro-auc-target-std: 0.0023239080773775024
val/ptls-downstream: 0.9473999937375387
val/ptls-downstream-std: 0.0038333332631736994
val/ptls-downstream-std-std: 9.428085375759999e-05
