date: '2025-07-04 11:12:06'
test/downstream: 0.8939999938011169
test/loss: 1.1434214115142822
test/loss_labels: 0.9030854105949402
test/loss_timestamps: 0.16468048095703125
test/loss_types: 0.07565531134605408
val/downstream: 0.8989999890327454
val/loss: 1.1433924436569214
val/loss_labels: 0.9030854105949402
val/loss_timestamps: 0.16465166211128235
val/loss_types: 0.07565531134605408
