date: '2026-01-09 16:09:18'
test/downstream: 0.7921000123023987
test/loss: 496.8697509765625
test/loss_coles-coles: 490.2356262207031
test/loss_mlm-currency: 0.04444092512130737
test/loss_mlm-income_flag: 0.2139863520860672
test/loss_mlm-labels: 2.0314393043518066
test/loss_mlm-log_amount: 0.06218387559056282
test/loss_mlm-mcc_category: 1.5413682460784912
test/loss_mlm-operation_kind: 0.5431147217750549
test/loss_mlm-operation_type_group: 0.21005095541477203
test/loss_mlm-timedeltas: 1.9876338243484497
val/downstream: 0.7901999950408936
val/loss: 502.9378356933594
val/loss_coles-coles: 496.3987731933594
val/loss_mlm-currency: 0.0405125729739666
val/loss_mlm-income_flag: 0.21203799545764923
val/loss_mlm-labels: 2.0512568950653076
val/loss_mlm-log_amount: 0.0630861222743988
val/loss_mlm-mcc_category: 1.5526466369628906
val/loss_mlm-operation_kind: 0.5303504467010498
val/loss_mlm-operation_type_group: 0.20574313402175903
val/loss_mlm-timedeltas: 1.8834737539291382
