date: '2025-07-23 11:41:10'
test/downstream: 0.7839999794960022
test/loss: 153.01365661621094
test/loss_coles: 153.01365661621094
val/downstream: 0.7820000052452087
val/loss: 156.39292907714844
val/loss_coles: 156.39292907714844
