date: '2025-07-28 02:53:59'
test/accuracy-target: 0.9724516272544861
test/batch-accuracy-target: 0.9724516272544861
test/downstream: 0.7940000295639038
test/loss: 0.4348088502883911
test/loss_target: 0.4348088502883911
val/accuracy-target: 0.9718930125236511
val/batch-accuracy-target: 0.9718930125236511
val/downstream: 0.7919999957084656
val/loss: 0.437443345785141
val/loss_target: 0.437443345785141
