date: '2025-07-25 19:53:45'
test/accuracy-target: 0.9724516272544861
test/batch-accuracy-target: 0.9724516272544861
test/downstream: 0.7950000166893005
test/loss: 0.43492260575294495
test/loss_target: 0.43492260575294495
val/accuracy-target: 0.9718930125236511
val/batch-accuracy-target: 0.9718930125236511
val/downstream: 0.7919999957084656
val/loss: 0.4376586675643921
val/loss_target: 0.4376586675643921
