date: '2025-07-24 17:16:50'
test/accuracy-target: 0.9724516272544861
test/batch-accuracy-target: 0.9724516272544861
test/downstream: 0.7889999747276306
test/loss: 0.477779358625412
test/loss_target: 0.477779358625412
val/accuracy-target: 0.9718930125236511
val/batch-accuracy-target: 0.9718930125236511
val/downstream: 0.7839999794960022
val/loss: 0.4788514971733093
val/loss_target: 0.4788514971733093
