date: '2025-07-25 13:31:35'
test/downstream: 0.7839999794960022
test/loss: 207.3670196533203
test/loss_coles: 207.3670196533203
val/downstream: 0.7829999923706055
val/loss: 212.0554962158203
val/loss_coles: 212.0554962158203
