date: '2025-07-25 13:45:10'
test/downstream: 0.7839999794960022
test/loss: 207.8380584716797
test/loss_coles: 207.8380584716797
val/downstream: 0.7820000052452087
val/loss: 212.55145263671875
val/loss_coles: 212.55145263671875
