date: '2025-07-28 02:46:02'
test/accuracy-target: 0.972461998462677
test/batch-accuracy-target: 0.972461998462677
test/downstream: 0.8029999732971191
test/loss: 0.4339476227760315
test/loss_target: 0.4339476227760315
val/accuracy-target: 0.9719391465187073
val/batch-accuracy-target: 0.9719391465187073
val/downstream: 0.8080000281333923
val/loss: 0.43695053458213806
val/loss_target: 0.43695053458213806
