date: '2026-03-17 07:01:23'
num_seeds: 3
test/accuracy-target: 0.9724135994911194
test/accuracy-target-std: 3.422324099084595e-05
test/batch-accuracy-target: 0.9718602101008097
test/batch-accuracy-target-std: 3.38965605176313e-05
test/downstream-auroc: 0.7958682576815287
test/downstream-auroc-std: 0.0011021044786880465
test/loss: 0.11302091429630916
test/loss-std: 0.0006647804568925826
test/loss_target: 0.11302091429630916
test/loss_target-std: 0.0006647804568925826
test/macro-auc-target: 0.7929345568021139
test/macro-auc-target-std: 0.002312890449930859
val/accuracy-target: 0.971854587395986
val/accuracy-target-std: 3.917908207716444e-05
val/batch-accuracy-target: 0.9726730783780416
val/batch-accuracy-target-std: 4.346744976423537e-05
val/downstream-auroc: 0.7922800183296204
val/downstream-auroc-std: 0.0027043792352370254
val/loss: 0.1072237640619278
val/loss-std: 0.0013963024109049941
val/loss_target: 0.1072237640619278
val/loss_target-std: 0.0013963024109049941
val/macro-auc-target: 0.7906605203946432
val/macro-auc-target-std: 0.002080826334540987
