date: '2025-07-31 19:31:03'
num_seeds: 3
test/downstream: 0.8041666547457377
test/downstream-std: 0.0012364755451182582
test/loss: 6.095071474711101
test/loss-std: 0.0010682419813355364
test/loss_currency: 0.041872174789508186
test/loss_currency-std: 3.0278312136422202e-05
test/loss_income_flag: 0.19863645235697427
test/loss_income_flag-std: 1.2711755099712831e-05
test/loss_labels: 2.2589704195658364
test/loss_labels-std: 0.0006626506708159713
test/loss_log_amount: 0.06223060314853986
test/loss_log_amount-std: 9.757130107778826e-05
test/loss_mcc_category: 1.785720705986023
test/loss_mcc_category-std: 0.0003969078740775326
test/loss_operation_kind: 0.552067776521047
test/loss_operation_kind-std: 0.00011349718080307771
test/loss_operation_type_group: 0.19100812077522278
test/loss_operation_type_group-std: 7.022237100204433e-06
test/loss_timestamps: 1.0045642058054607
test/loss_timestamps-std: 0.00040605416634978013
val/downstream: 0.8016000191370646
val/downstream-std: 0.00045460719637993325
val/loss: 6.025717099507649
val/loss-std: 0.0011431041756132206
val/loss_currency: 0.03792968144019445
val/loss_currency-std: 2.7993035746495883e-05
val/loss_income_flag: 0.19647733370463052
val/loss_income_flag-std: 2.088127648796644e-05
val/loss_labels: 2.2680137952168784
val/loss_labels-std: 0.0007554891105286146
val/loss_log_amount: 0.06299052387475967
val/loss_log_amount-std: 0.00010760350795682749
val/loss_mcc_category: 1.787799080212911
val/loss_mcc_category-std: 0.0004403535039863508
val/loss_operation_kind: 0.534822424252828
val/loss_operation_kind-std: 0.0001299059162748032
val/loss_operation_type_group: 0.18624447286128998
val/loss_operation_type_group-std: 1.6430844069573117e-05
val/loss_timestamps: 0.951441208521525
val/loss_timestamps-std: 0.00041353728986473666
