date: '2025-07-21 19:27:06'
num_seeds: 3
test/downstream: 0.7983333269755045
test/downstream-std: 0.0004714265495438534
test/loss: 6.198531309763591
test/loss-std: 0.005924290999504307
test/loss_currency: 0.04415874183177948
test/loss_currency-std: 0.00014639453940364352
test/loss_income_flag: 0.20250536501407623
test/loss_income_flag-std: 0.00025006335430533076
test/loss_labels: 2.300788958867391
test/loss_labels-std: 0.002293801193009556
test/loss_log_amount: 0.06379922231038411
test/loss_log_amount-std: 0.00034379043123277465
test/loss_mcc_category: 1.8137446244557698
test/loss_mcc_category-std: 0.0017394739841758112
test/loss_operation_kind: 0.5620743632316589
test/loss_operation_kind-std: 0.00047112025026140047
test/loss_operation_type_group: 0.19485423962275186
test/loss_operation_type_group-std: 0.0002157620581477519
test/loss_timestamps: 1.0166069666544597
test/loss_timestamps-std: 0.0007625868122230695
val/downstream: 0.7973333199818929
val/downstream-std: 0.0009427969032896923
val/loss: 6.1316596666971845
val/loss-std: 0.00556191798319164
val/loss_currency: 0.04011911402146021
val/loss_currency-std: 0.00013931369466552753
val/loss_income_flag: 0.20034645001093546
val/loss_income_flag-std: 0.0002102971353507154
val/loss_labels: 2.312067985534668
val/loss_labels-std: 0.0022974882809484614
val/loss_log_amount: 0.06472318371136983
val/loss_log_amount-std: 0.00032655082176409703
val/loss_mcc_category: 1.8172240654627483
val/loss_mcc_category-std: 0.0017282424995849525
val/loss_operation_kind: 0.5444322625796
val/loss_operation_kind-std: 0.0003554441963466337
val/loss_operation_type_group: 0.19003136456012726
val/loss_operation_type_group-std: 0.0001765282453204362
val/loss_timestamps: 0.9627153873443604
val/loss_timestamps-std: 0.000659682587782967
