date: '2026-03-14 01:00:37'
num_seeds: 3
test/downstream-auroc: 0.802444060643514
test/downstream-auroc-std: 0.00028934135489677476
test/loss: 13.339471499125162
test/loss-std: 0.007755977890846748
test/loss_card_type: 0.2865748306115468
test/loss_card_type-std: 0.00018715992021067228
test/loss_city: 0.7233587900797526
test/loss_city-std: 0.0008920458250178606
test/loss_country: 0.13075020412604013
test/loss_country-std: 0.0001810740092428092
test/loss_currency: 0.04316496476531029
test/loss_currency-std: 2.992463484269918e-05
test/loss_day_of_week: 0.9706939061482748
test/loss_day_of_week-std: 0.0005963044250689443
test/loss_ecommerce_flag: 0.24096104502677917
test/loss_ecommerce_flag-std: 0.00014689676712587737
test/loss_hour: 2.3565712769826255
test/loss_hour-std: 0.0016257439820210357
test/loss_income_flag: 0.19629872341950735
test/loss_income_flag-std: 0.00030437563188585463
test/loss_labels: 2.283444881439209
test/loss_labels-std: 0.0009280796116794771
test/loss_log_amount: 0.06274938707550366
test/loss_log_amount-std: 0.00037946416539343266
test/loss_log_hour_diff: 1.09265140692393
test/loss_log_hour_diff-std: 0.0006628273364888128
test/loss_mcc_category: 1.789357344309489
test/loss_mcc_category-std: 0.0004262071635244979
test/loss_operation_kind: 0.5483634869257609
test/loss_operation_kind-std: 0.0005511604478090681
test/loss_operation_type: 0.7739265958468119
test/loss_operation_type-std: 0.00028451952097278385
test/loss_operation_type_group: 0.18880877395470938
test/loss_operation_type_group-std: 0.00023388529772279312
test/loss_payment_system: 0.3360588153203328
test/loss_payment_system-std: 0.0009306769054002287
test/loss_timestamps: 0.9958565632502238
test/loss_timestamps-std: 0.00038972152996997117
test/loss_weekofyear: 0.3198785682519277
test/loss_weekofyear-std: 0.00023085809001645327
val/downstream-auroc: 0.8016074498494467
val/downstream-auroc-std: 0.0011794119696679466
val/loss: 13.177392641703287
val/loss-std: 0.007772044709101081
val/loss_card_type: 0.27419482668240863
val/loss_card_type-std: 0.00028147040984438887
val/loss_city: 0.7292130390803019
val/loss_city-std: 0.0009223793972042279
val/loss_country: 0.11334747324387233
val/loss_country-std: 0.00012682673349112322
val/loss_currency: 0.03806112830837568
val/loss_currency-std: 1.4336466392282203e-05
val/loss_day_of_week: 0.9393664598464966
val/loss_day_of_week-std: 0.0005597045899756368
val/loss_ecommerce_flag: 0.24279714624087015
val/loss_ecommerce_flag-std: 0.00014042146566907188
val/loss_hour: 2.3375538984934487
val/loss_hour-std: 0.0015638123335148344
val/loss_income_flag: 0.194209357102712
val/loss_income_flag-std: 0.00034229972066747785
val/loss_labels: 2.2868614991505942
val/loss_labels-std: 0.0009830233335190604
val/loss_log_amount: 0.0635070651769638
val/loss_log_amount-std: 0.0003978638302494887
val/loss_log_hour_diff: 1.0754793485005696
val/loss_log_hour_diff-std: 0.0006520954033326442
val/loss_mcc_category: 1.7878048419952393
val/loss_mcc_category-std: 0.0005061742947010529
val/loss_operation_kind: 0.5341642300287882
val/loss_operation_kind-std: 0.0005830889670450821
val/loss_operation_type: 0.7407077153523763
val/loss_operation_type-std: 0.00026787179874998866
val/loss_operation_type_group: 0.18429755667845407
val/loss_operation_type_group-std: 0.0002394880959947274
val/loss_payment_system: 0.3875744144121806
val/loss_payment_system-std: 0.0006731738225199618
val/loss_timestamps: 0.9439173340797424
val/loss_timestamps-std: 0.0005374652935807449
val/loss_weekofyear: 0.3043353656927745
val/loss_weekofyear-std: 0.00023366819507981195
