date: '2026-03-17 16:40:29'
num_seeds: 3
test/downstream-auroc: 0.7254623572031657
test/downstream-auroc-std: 0.000810394033155347
test/loss: 36.96278444925944
test/loss-std: 5.20241285043719
test/loss_coles: 36.96278444925944
test/loss_coles-std: 5.20241285043719
val/downstream-auroc: 0.7322592337926229
val/downstream-auroc-std: 0.0009073693484726034
val/loss: 38.062338511149086
val/loss-std: 5.448685922401213
val/loss_coles: 38.062338511149086
val/loss_coles-std: 5.448685922401213
