date: '2025-07-23 04:23:08'
num_seeds: 3
test/downstream: 0.7863333423932394
test/downstream-std: 0.0012472030714731697
test/loss: 6.093645095825195
test/loss-std: 0.0004467447611322421
test/loss_currency: 0.04182643567522367
test/loss_currency-std: 1.9027304323658483e-05
test/loss_income_flag: 0.19864616294701895
test/loss_income_flag-std: 0.00010001570614478015
test/loss_labels: 2.2578763167063394
test/loss_labels-std: 0.0007167405593444798
test/loss_log_amount: 0.06220758085449537
test/loss_log_amount-std: 5.6064746395284294e-05
test/loss_mcc_category: 1.7851295073827107
test/loss_mcc_category-std: 0.0004434813124163348
test/loss_operation_kind: 0.5523158510526022
test/loss_operation_kind-std: 0.000390675809841113
test/loss_operation_type_group: 0.19099727272987366
test/loss_operation_type_group-std: 8.978279005170962e-05
test/loss_timestamps: 1.004645546277364
test/loss_timestamps-std: 0.001184238315800008
val/downstream: 0.7829999923706055
val/downstream-std: 0.000816486068858174
val/loss: 6.024144013722737
val/loss-std: 0.0010261940632989937
val/loss_currency: 0.03793248658378919
val/loss_currency-std: 3.7210548226336e-05
val/loss_income_flag: 0.1964577188094457
val/loss_income_flag-std: 0.00010808272191315721
val/loss_labels: 2.267054478327433
val/loss_labels-std: 0.0008774403480172285
val/loss_log_amount: 0.06296796351671219
val/loss_log_amount-std: 5.657713487807931e-05
val/loss_mcc_category: 1.7871697346369426
val/loss_mcc_category-std: 0.0005831984404247746
val/loss_operation_kind: 0.5349690914154053
val/loss_operation_kind-std: 0.00042011655840663745
val/loss_operation_type_group: 0.18621311088403067
val/loss_operation_type_group-std: 9.916832999445536e-05
val/loss_timestamps: 0.951379676659902
val/loss_timestamps-std: 0.0010166800785866323
