date: '2025-07-31 19:26:43'
num_seeds: 3
test/accuracy-target: 0.9723513325055441
test/accuracy-target-std: 6.58023820403376e-05
test/batch-accuracy-target: 0.9723513325055441
test/batch-accuracy-target-std: 6.58023820403376e-05
test/downstream: 0.8163666725158691
test/downstream-std: 0.0011585387489320305
test/loss: 0.22902741034825644
test/loss-std: 0.03761156801705144
test/loss_target: 0.22902741034825644
test/loss_target-std: 0.03761156801705144
val/accuracy-target: 0.971862276395162
val/accuracy-target-std: 6.051548428910381e-05
val/batch-accuracy-target: 0.971862276395162
val/batch-accuracy-target-std: 6.051548428910381e-05
val/downstream: 0.8253999948501587
val/downstream-std: 0.003884145639198182
val/loss: 0.23549588521321616
val/loss-std: 0.03893166105892921
val/loss_target: 0.23549588521321616
val/loss_target-std: 0.03893166105892921
