date: '2025-07-21 18:14:23'
num_seeds: 3
test/loss: 157.4503377278646
test/loss-std: 0.6123219701736842
test/loss_coles: 157.4503377278646
test/loss_coles-std: 0.6123219701736842
test/downstream: 0.7930
test/downstream-std: 0.0008
val/loss: 159.34983825683594
val/loss-std: 0.3717080041422644
val/loss_coles: 159.34983825683594
val/loss_coles-std: 0.3717080041422644
