date: '2026-03-14 07:29:55'
num_seeds: 2
test/downstream-auroc: 0.8042288720607758
test/downstream-auroc-std: 0.001588672399520874
test/loss: 13.384889602661133
test/loss-std: 0.007233619689941406
test/loss_card_type: 0.29038286209106445
test/loss_card_type-std: 8.693337440490723e-05
test/loss_city: 0.727765291929245
test/loss_city-std: 0.0004723966121673584
test/loss_country: 0.13167542219161987
test/loss_country-std: 0.0001560896635055542
test/loss_currency: 0.04359396919608116
test/loss_currency-std: 2.1219253540039062e-05
test/loss_day_of_week: 0.9731484651565552
test/loss_day_of_week-std: 0.0004494190216064453
test/loss_ecommerce_flag: 0.24148541688919067
test/loss_ecommerce_flag-std: 0.00032141804695129395
test/loss_hour: 2.359491229057312
test/loss_hour-std: 0.0006808042526245117
test/loss_income_flag: 0.1973000466823578
test/loss_income_flag-std: 0.0003430098295211792
test/loss_labels: 2.290263056755066
test/loss_labels-std: 0.0012382268905639648
test/loss_log_amount: 0.06300690397620201
test/loss_log_amount-std: 0.00020727887749671936
test/loss_log_hour_diff: 1.0973328351974487
test/loss_log_hour_diff-std: 0.0011358261108398438
test/loss_mcc_category: 1.7922163605690002
test/loss_mcc_category-std: 0.0005140900611877441
test/loss_operation_kind: 0.5501753389835358
test/loss_operation_kind-std: 0.00045922398567199707
test/loss_operation_type: 0.7767956554889679
test/loss_operation_type-std: 0.00038573145866394043
test/loss_operation_type_group: 0.18975888192653656
test/loss_operation_type_group-std: 0.00017999112606048584
test/loss_payment_system: 0.33756181597709656
test/loss_payment_system-std: 0.0005177557468414307
test/loss_timestamps: 1.00133216381073
test/loss_timestamps-std: 0.0013159513473510742
test/loss_weekofyear: 0.3216048926115036
test/loss_weekofyear-std: 0.00019319355487823486
val/downstream-auroc: 0.8011679351329803
val/downstream-auroc-std: 0.0009138286113739014
val/loss: 13.220225811004639
val/loss-std: 0.006736278533935547
val/loss_card_type: 0.2779865115880966
val/loss_card_type-std: 0.00011660158634185791
val/loss_city: 0.7332762479782104
val/loss_city-std: 0.00044918060302734375
val/loss_country: 0.11411264911293983
val/loss_country-std: 0.0001263357698917389
val/loss_currency: 0.038424134254455566
val/loss_currency-std: 2.5644898414611816e-05
val/loss_day_of_week: 0.9416733682155609
val/loss_day_of_week-std: 0.0004127919673919678
val/loss_ecommerce_flag: 0.243317112326622
val/loss_ecommerce_flag-std: 0.0002779960632324219
val/loss_hour: 2.340413808822632
val/loss_hour-std: 0.0005645751953125
val/loss_income_flag: 0.1951453760266304
val/loss_income_flag-std: 0.0002919510006904602
val/loss_labels: 2.2936190366744995
val/loss_labels-std: 0.0011767148971557617
val/loss_log_amount: 0.06382545828819275
val/loss_log_amount-std: 0.00024017691612243652
val/loss_log_hour_diff: 1.0798629522323608
val/loss_log_hour_diff-std: 0.0009363889694213867
val/loss_mcc_category: 1.7907989621162415
val/loss_mcc_category-std: 0.0005585551261901855
val/loss_operation_kind: 0.5358441472053528
val/loss_operation_kind-std: 0.0004736185073852539
val/loss_operation_type: 0.743492066860199
val/loss_operation_type-std: 0.0003985762596130371
val/loss_operation_type_group: 0.1852029338479042
val/loss_operation_type_group-std: 0.00018461793661117554
val/loss_payment_system: 0.3890657424926758
val/loss_payment_system-std: 0.0002900362014770508
val/loss_timestamps: 0.9483705461025238
val/loss_timestamps-std: 0.0012662112712860107
val/loss_weekofyear: 0.3057968020439148
val/loss_weekofyear-std: 0.0002397596836090088
