date: '2026-03-13 21:12:06'
num_seeds: 1
test/downstream-auroc: 0.7747697234153748
test/downstream-auroc-std: 0.0
test/loss: 13.317939758300781
test/loss-std: 0.0
test/loss_card_type: 0.2854648232460022
test/loss_card_type-std: 0.0
test/loss_city: 0.721756637096405
test/loss_city-std: 0.0
test/loss_country: 0.13025160133838654
test/loss_country-std: 0.0
test/loss_currency: 0.04303113743662834
test/loss_currency-std: 0.0
test/loss_day_of_week: 0.9694236516952515
test/loss_day_of_week-std: 0.0
test/loss_ecommerce_flag: 0.24039852619171143
test/loss_ecommerce_flag-std: 0.0
test/loss_hour: 2.3532912731170654
test/loss_hour-std: 0.0
test/loss_income_flag: 0.19633068144321442
test/loss_income_flag-std: 0.0
test/loss_labels: 2.2798919677734375
test/loss_labels-std: 0.0
test/loss_log_amount: 0.06238328665494919
test/loss_log_amount-std: 0.0
test/loss_log_hour_diff: 1.0916448831558228
test/loss_log_hour_diff-std: 0.0
test/loss_mcc_category: 1.7862991094589233
test/loss_mcc_category-std: 0.0
test/loss_operation_kind: 0.5476545691490173
test/loss_operation_kind-std: 0.0
test/loss_operation_type: 0.7722744345664978
test/loss_operation_type-std: 0.0
test/loss_operation_type_group: 0.18859697878360748
test/loss_operation_type_group-std: 0.0
test/loss_payment_system: 0.33495810627937317
test/loss_payment_system-std: 0.0
test/loss_timestamps: 0.9949548840522766
test/loss_timestamps-std: 0.0
test/loss_weekofyear: 0.3193325102329254
test/loss_weekofyear-std: 0.0
val/downstream-auroc: 0.7787310481071472
val/downstream-auroc-std: 0.0
val/loss: 13.155698776245117
val/loss-std: 0.0
val/loss_card_type: 0.27273914217948914
val/loss_card_type-std: 0.0
val/loss_city: 0.7276029586791992
val/loss_city-std: 0.0
val/loss_country: 0.1129273921251297
val/loss_country-std: 0.0
val/loss_currency: 0.03799575939774513
val/loss_currency-std: 0.0
val/loss_day_of_week: 0.9379745125770569
val/loss_day_of_week-std: 0.0
val/loss_ecommerce_flag: 0.24214774370193481
val/loss_ecommerce_flag-std: 0.0
val/loss_hour: 2.334047317504883
val/loss_hour-std: 0.0
val/loss_income_flag: 0.19418348371982574
val/loss_income_flag-std: 0.0
val/loss_labels: 2.283261775970459
val/loss_labels-std: 0.0
val/loss_log_amount: 0.06313169002532959
val/loss_log_amount-std: 0.0
val/loss_log_hour_diff: 1.0745182037353516
val/loss_log_hour_diff-std: 0.0
val/loss_mcc_category: 1.784765601158142
val/loss_mcc_category-std: 0.0
val/loss_operation_kind: 0.5335406064987183
val/loss_operation_kind-std: 0.0
val/loss_operation_type: 0.739219605922699
val/loss_operation_type-std: 0.0
val/loss_operation_type_group: 0.18411214649677277
val/loss_operation_type_group-std: 0.0
val/loss_payment_system: 0.386568546295166
val/loss_payment_system-std: 0.0
val/loss_timestamps: 0.9431663751602173
val/loss_timestamps-std: 0.0
val/loss_weekofyear: 0.30380120873451233
val/loss_weekofyear-std: 0.0
