date: '2026-03-13 11:41:38'
num_seeds: 3
test/downstream-auroc: 0.7984963059425354
test/downstream-auroc-std: 0.0003910832667674277
test/loss: 13.781216303507486
test/loss-std: 0.025453496283919918
test/loss_card_type: 0.3153996765613556
test/loss_card_type-std: 0.0015634922837218055
test/loss_city: 0.7681621710459391
test/loss_city-std: 0.0019133777090729063
test/loss_country: 0.1408838927745819
test/loss_country-std: 0.0013118217572425591
test/loss_currency: 0.046343413492043815
test/loss_currency-std: 0.00015509809787555995
test/loss_day_of_week: 0.9947607517242432
test/loss_day_of_week-std: 0.0010845764161781094
test/loss_ecommerce_flag: 0.24768711626529694
test/loss_ecommerce_flag-std: 0.00010729710501339249
test/loss_hour: 2.4166557788848877
test/loss_hour-std: 0.0005322638043595714
test/loss_income_flag: 0.20116140445073447
test/loss_income_flag-std: 0.0002888407807935368
test/loss_labels: 2.350698391596476
test/loss_labels-std: 0.002954251263636751
test/loss_log_amount: 0.06408184518416722
test/loss_log_amount-std: 9.767959215318467e-05
test/loss_log_hour_diff: 1.1376850605010986
test/loss_log_hour_diff-std: 0.002627055472945201
test/loss_mcc_category: 1.8304336468378704
test/loss_mcc_category-std: 0.0007746672838014215
test/loss_operation_kind: 0.5609074632326762
test/loss_operation_kind-std: 0.0006205650838290906
test/loss_operation_type: 0.7979120413462321
test/loss_operation_type-std: 0.0014755151651377374
test/loss_operation_type_group: 0.19377962251504263
test/loss_operation_type_group-std: 0.00037553567254459703
test/loss_payment_system: 0.3634561399618785
test/loss_payment_system-std: 0.010636518671645277
test/loss_timestamps: 1.015071193377177
test/loss_timestamps-std: 0.0007566669297311555
test/loss_weekofyear: 0.33613823850949603
test/loss_weekofyear-std: 0.00046530349962885915
val/downstream-auroc: 0.7997876604398092
val/downstream-auroc-std: 0.0017862689477032303
val/loss: 13.618821461995443
val/loss-std: 0.021267161836184375
val/loss_card_type: 0.3009217381477356
val/loss_card_type-std: 0.0014096886697612756
val/loss_city: 0.7748297055562338
val/loss_city-std: 0.0015835260347540775
val/loss_country: 0.12254349887371063
val/loss_country-std: 0.0009277977429394845
val/loss_currency: 0.04114823912580808
val/loss_currency-std: 0.00017395563140752156
val/loss_day_of_week: 0.9641134738922119
val/loss_day_of_week-std: 0.0011918908613584608
val/loss_ecommerce_flag: 0.24982966979344687
val/loss_ecommerce_flag-std: 7.700498771707685e-05
val/loss_hour: 2.4006614685058594
val/loss_hour-std: 0.0005747742703025246
val/loss_income_flag: 0.19904897113641104
val/loss_income_flag-std: 0.00027274138271563193
val/loss_labels: 2.356270710627238
val/loss_labels-std: 0.0024519514751148875
val/loss_log_amount: 0.06507853666941325
val/loss_log_amount-std: 0.00012131012620952031
val/loss_log_hour_diff: 1.1211192607879639
val/loss_log_hour_diff-std: 0.0024075570468925105
val/loss_mcc_category: 1.8307425578435261
val/loss_mcc_category-std: 0.0005359395584141919
val/loss_operation_kind: 0.5463198026021322
val/loss_operation_kind-std: 0.0004856525357333416
val/loss_operation_type: 0.7634684840838114
val/loss_operation_type-std: 0.0012412447380124485
val/loss_operation_type_group: 0.18902944028377533
val/loss_operation_type_group-std: 0.00034176702480802817
val/loss_payment_system: 0.4119156002998352
val/loss_payment_system-std: 0.00890531396318228
val/loss_timestamps: 0.9620104233423868
val/loss_timestamps-std: 0.0006125344864261684
val/loss_weekofyear: 0.3197700579961141
val/loss_weekofyear-std: 0.0004188007335723267
