date: '2026-03-17 07:02:49'
num_seeds: 3
test/accuracy-target: 0.9724620381991068
test/accuracy-target-std: 3.883205884545305e-05
test/batch-accuracy-target: 0.9718740383783976
test/batch-accuracy-target-std: 3.914037331711692e-05
test/downstream-auroc: 0.8207766811052958
test/downstream-auroc-std: 0.0011868562342333738
test/loss: 0.10830505192279816
test/loss-std: 0.0001538106783652922
test/loss_target: 0.10830505192279816
test/loss_target-std: 0.0001538106783652922
test/macro-auc-target: 0.8202519019444784
test/macro-auc-target-std: 0.0009590681119428304
val/accuracy-target: 0.9718853235244751
val/accuracy-target-std: 9.660180269101453e-05
val/batch-accuracy-target: 0.9725193579991659
val/batch-accuracy-target-std: 7.531216627180261e-05
val/downstream-auroc: 0.8204514980316162
val/downstream-auroc-std: 0.0017028618619853643
val/loss: 0.10302878419558208
val/loss-std: 0.0003433589046913359
val/loss_target: 0.10302878419558208
val/loss_target-std: 0.0003433589046913359
val/macro-auc-target: 0.8201818863550822
val/macro-auc-target-std: 0.0017195259012253454
