date: '2025-07-27 20:34:20'
test/accuracy-target: 0.9724931716918945
test/batch-accuracy-target: 0.9724931716918945
test/downstream: 0.8159999847412109
test/loss: 0.1058223769068718
test/loss_target: 0.1058223769068718
val/accuracy-target: 0.9719160795211792
val/batch-accuracy-target: 0.9719160795211792
val/downstream: 0.8230000138282776
val/loss: 0.10807367414236069
val/loss_target: 0.10807367414236069
