date: '2025-07-25 03:20:29'
test/accuracy-target: 0.9724516272544861
test/batch-accuracy-target: 0.9724516272544861
test/downstream: 0.7490000128746033
test/loss: 0.43653932213783264
test/loss_target: 0.43653932213783264
val/accuracy-target: 0.9718930125236511
val/batch-accuracy-target: 0.9718930125236511
val/downstream: 0.746999979019165
val/loss: 0.4390046000480652
val/loss_target: 0.4390046000480652
