date: '2026-03-16 16:05:31'
num_seeds: 5
test/accuracy-target: 0.6694566011428833
test/accuracy-target-std: 0.014893448676806299
test/batch-accuracy-target: 0.6661827445030213
test/batch-accuracy-target-std: 0.01629642671828171
test/downstream-auroc: 0.69228276014328
test/downstream-auroc-std: 0.004450106841003639
test/loss: 0.7467877626419067
test/loss-std: 0.10219666383658314
test/loss_target: 0.7467877626419067
test/loss_target-std: 0.10219666383658314
test/macro-auc-target: 0.6820245742797851
test/macro-auc-target-std: 0.006563442501231641
val/accuracy-target: 0.6429920077323914
val/accuracy-target-std: 0.0022430561559752594
val/batch-accuracy-target: 0.6378809809684753
val/batch-accuracy-target-std: 0.003756786122560686
val/downstream-auroc: 0.6889130711555481
val/downstream-auroc-std: 0.00365848987513574
val/loss: 0.7963884949684144
val/loss-std: 0.10134888677580418
val/loss_target: 0.7963884949684144
val/loss_target-std: 0.10134888677580418
val/macro-auc-target: 0.683546507358551
val/macro-auc-target-std: 0.004772493019787933
