date: '2025-07-22 20:00:53'
num_seeds: 5
test/downstream: 0.8339200019836426
test/downstream-std: 0.014277014992888724
test/loss: 2.5317554473876953
test/loss-std: 0.0015895979779201519
test/loss_labels: 2.155783748626709
test/loss_labels-std: 0.0014320257485045996
test/loss_timestamps: 0.14430045187473298
test/loss_timestamps-std: 6.34719998460537e-05
test/loss_types: 0.2316712737083435
test/loss_types-std: 0.00028014061219249793
val/downstream: 0.8325599908828736
val/downstream-std: 0.004398004278413507
val/loss: 2.492813777923584
val/loss-std: 0.0024714751125151113
val/loss_labels: 2.123106908798218
val/loss_labels-std: 0.0023830371540719663
val/loss_timestamps: 0.14447599947452544
val/loss_timestamps-std: 5.8334286140474786e-05
val/loss_types: 0.22523081302642822
val/loss_types-std: 0.00037590958705873914
