date: '2026-03-14 17:46:40'
num_seeds: 2
test/accuracy-target: 0.6684637665748596
test/accuracy-target-std: 0.000587165355682373
test/downstream-auroc: 0.6802352666854858
test/downstream-auroc-std: 0.005070328712463379
test/loss: 3.4759180545806885
test/loss-std: 0.005162954330444336
test/loss_1_batch-accuracy-target: 0.665883868932724
test/loss_1_batch-accuracy-target-std: 0.00021347403526306152
test/loss_1_nans-target: 0.0
test/loss_1_nans-target-std: 0.0
test/loss_loss_0_labels: 2.4622822999954224
test/loss_loss_0_labels-std: 0.00449526309967041
test/loss_loss_0_timestamps: 0.13621609658002853
test/loss_loss_0_timestamps-std: 2.8498470783233643e-05
test/loss_loss_0_types: 0.2314068228006363
test/loss_loss_0_types-std: 8.021295070648193e-05
test/loss_loss_1_target: 0.6460128426551819
test/loss_loss_1_target-std: 0.0007765293121337891
test/macro-auc-target: 0.6490144431591034
test/macro-auc-target-std: 0.002483874559402466
val/accuracy-target: 0.5677196979522705
val/accuracy-target-std: 0.0005446672439575195
val/downstream-auroc: 0.6809944808483124
val/downstream-auroc-std: 0.004727810621261597
val/loss: 3.4088876247406006
val/loss-std: 0.0017137527465820312
val/loss_1_batch-accuracy-target: 0.5689404904842377
val/loss_1_batch-accuracy-target-std: 0.0021770894527435303
val/loss_1_nans-target: 0.0
val/loss_1_nans-target-std: 0.0
val/loss_loss_0_labels: 2.3880499601364136
val/loss_loss_0_labels-std: 0.0018402338027954102
val/loss_loss_0_timestamps: 0.13607671111822128
val/loss_loss_0_timestamps-std: 4.331022500991821e-05
val/loss_loss_0_types: 0.21942421048879623
val/loss_loss_0_types-std: 0.0001292303204536438
val/loss_loss_1_target: 0.6653364300727844
val/loss_loss_1_target-std: 4.64320182800293e-05
val/macro-auc-target: 0.653719961643219
val/macro-auc-target-std: 0.0026947855949401855
