date: '2025-07-22 17:40:40'
num_seeds: 5
test/accuracy-target: 0.9563636541366577
test/accuracy-target-std: 0.000404047966003418
test/batch-accuracy-target: 0.9563636541366577
test/batch-accuracy-target-std: 0.000404047966003418
test/downstream: 0.8490799903869629
test/downstream-std: 0.011745535392821698
test/loss: 0.338840252161026
test/loss-std: 0.0022946044267610475
test/loss_target: 0.338840252161026
test/loss_target-std: 0.0022946044267610475
val/accuracy-target: 0.9535353660583497
val/accuracy-target-std: 0.0011065091619745888
val/batch-accuracy-target: 0.9535353660583497
val/batch-accuracy-target-std: 0.0011065091619745888
val/downstream: 0.8209000110626221
val/downstream-std: 0.012536660117476733
val/loss: 0.3503739655017853
val/loss-std: 0.0026422162959557826
val/loss_target: 0.3503739655017853
val/loss_target-std: 0.0026422162959557826
