date: '2025-07-22 20:07:16'
num_seeds: 5
test/downstream: 0.85556001663208
test/downstream-std: 0.011445643331510422
test/loss: 37.29529876708985
test/loss-std: 0.41770615820792667
test/loss_coles: 37.29529876708985
test/loss_coles-std: 0.41770615820792667
val/downstream: 0.8395799994468689
val/downstream-std: 0.001870190003097205
val/loss: 37.81261215209961
val/loss-std: 0.4363328455942946
val/loss_coles: 37.81261215209961
val/loss_coles-std: 0.4363328455942946
