date: '2026-03-14 18:05:14'
num_seeds: 2
test/accuracy-target: 0.6709725558757782
test/accuracy-target-std: 0.0051243603229522705
test/downstream-auroc: 0.7012190818786621
test/downstream-auroc-std: 8.177757263183594e-05
test/loss: 3.167400360107422
test/loss-std: 0.0022764205932617188
test/loss_1_batch-accuracy-target: 0.6713279187679291
test/loss_1_batch-accuracy-target-std: 0.0026686489582061768
test/loss_1_nans-target: 0.0
test/loss_1_nans-target-std: 0.0
test/loss_loss_0_labels: 2.154231905937195
test/loss_loss_0_labels-std: 0.00289762020111084
test/loss_loss_0_timestamps: 0.1352481096982956
test/loss_loss_0_timestamps-std: 8.761882781982422e-06
test/loss_loss_0_types: 0.2344459891319275
test/loss_loss_0_types-std: 0.0006259828805923462
test/loss_loss_1_target: 0.6434745490550995
test/loss_loss_1_target-std: 4.559755325317383e-06
test/macro-auc-target: 0.6784879565238953
test/macro-auc-target-std: 0.011540591716766357
val/accuracy-target: 0.5882352888584137
val/accuracy-target-std: 0.0018155276775360107
val/downstream-auroc: 0.6992738544940948
val/downstream-auroc-std: 0.0023064911365509033
val/loss: 3.120115637779236
val/loss-std: 0.004940390586853027
val/loss_1_batch-accuracy-target: 0.5852685272693634
val/loss_1_batch-accuracy-target-std: 0.0010885298252105713
val/loss_1_nans-target: 0.0
val/loss_1_nans-target-std: 0.0
val/loss_loss_0_labels: 2.0965856313705444
val/loss_loss_0_labels-std: 0.004528403282165527
val/loss_loss_0_timestamps: 0.13509197533130646
val/loss_loss_0_timestamps-std: 2.3439526557922363e-05
val/loss_loss_0_types: 0.22253821045160294
val/loss_loss_0_types-std: 0.000319652259349823
val/loss_loss_1_target: 0.665900468826294
val/loss_loss_1_target-std: 0.000708162784576416
val/macro-auc-target: 0.6726175546646118
val/macro-auc-target-std: 0.010615944862365723
