date: '2026-03-16 16:38:58'
num_seeds: 5
test/downstream-auroc: 0.6920880556106568
test/downstream-auroc-std: 0.002020656886323982
test/loss: 2.7186180114746095
test/loss-std: 0.12164396794116172
test/loss_labels: 2.3476675033569334
test/loss_labels-std: 0.11923027608917931
test/loss_timestamps: 0.137449049949646
test/loss_timestamps-std: 0.0006220766272291175
test/loss_types: 0.23350154161453246
test/loss_types-std: 0.0030928571781932766
val/downstream-auroc: 0.6890320420265198
val/downstream-auroc-std: 0.0021005713486501
val/loss: 2.642655086517334
val/loss-std: 0.1153476496085049
val/loss_labels: 2.283269691467285
val/loss_labels-std: 0.11347275215801597
val/loss_timestamps: 0.13726028501987458
val/loss_timestamps-std: 0.0006156139091693977
val/loss_types: 0.22212525010108947
val/loss_types-std: 0.0027197347551384723
