date: '2026-03-17 11:55:14'
num_seeds: 5
test/downstream-auroc: 0.6980271697044372
test/downstream-auroc-std: 0.003830326970931477
test/loss: 2.668122577667236
test/loss-std: 0.1279143785358401
test/loss_labels: 2.291207504272461
test/loss_labels-std: 0.12112232156614566
test/loss_timestamps: 0.13616559505462647
test/loss_timestamps-std: 0.00019266451916384708
test/loss_types: 0.24074935913085938
test/loss_types-std: 0.007667979053890393
val/downstream-auroc: 0.6885930895805359
val/downstream-auroc-std: 0.0016506340469406655
val/loss: 2.593600130081177
val/loss-std: 0.12337511648292847
val/loss_labels: 2.229425573348999
val/loss_labels-std: 0.11669733894797839
val/loss_timestamps: 0.1360069751739502
val/loss_timestamps-std: 0.00023941818391865144
val/loss_types: 0.22816770076751708
val/loss_types-std: 0.007548983155830826
