date: '2026-03-14 06:50:35'
num_seeds: 4
test/accuracy-target: 0.6697982251644135
test/accuracy-target-std: 0.0039290760608352545
test/downstream-auroc: 0.6970623284578323
test/downstream-auroc-std: 0.0017155953960018477
test/loss: 3.1938600540161133
test/loss-std: 0.02731937595577335
test/loss_1_batch-accuracy-target: 0.6695132553577423
test/loss_1_batch-accuracy-target-std: 0.005682673758979217
test/loss_1_nans-target: 0.0
test/loss_1_nans-target-std: 0.0
test/loss_loss_0_labels: 2.182252287864685
test/loss_loss_0_labels-std: 0.026182219086726393
test/loss_loss_0_timestamps: 0.13532034680247307
test/loss_loss_0_timestamps-std: 5.651525864679463e-05
test/loss_loss_0_types: 0.2332724630832672
test/loss_loss_0_types-std: 0.000783231693165301
test/loss_loss_1_target: 0.6430151164531708
test/loss_loss_1_target-std: 0.0008289244891395008
test/macro-auc-target: 0.6770926415920258
test/macro-auc-target-std: 0.005851975814516125
val/accuracy-target: 0.5974945574998856
val/accuracy-target-std: 0.009899282200891443
val/downstream-auroc: 0.6949013322591782
val/downstream-auroc-std: 0.0029628271235291495
val/loss: 3.1428067684173584
val/loss-std: 0.02502788832973705
val/loss_1_batch-accuracy-target: 0.5879898369312286
val/loss_1_batch-accuracy-target-std: 0.004628935890231671
val/loss_1_nans-target: 0.0
val/loss_1_nans-target-std: 0.0
val/loss_loss_0_labels: 2.122759759426117
val/loss_loss_0_labels-std: 0.025554924348525146
val/loss_loss_0_timestamps: 0.13514648377895355
val/loss_loss_0_timestamps-std: 4.276359763064495e-05
val/loss_loss_0_types: 0.2214597426354885
val/loss_loss_0_types-std: 0.000488294950819663
val/loss_loss_1_target: 0.6634408384561539
val/loss_loss_1_target-std: 0.0012915809973578708
val/macro-auc-target: 0.6763451546430588
val/macro-auc-target-std: 0.004976415315404193
