date: '2025-07-22 19:18:57'
num_seeds: 5
test/downstream: 0.8400399923324585
test/downstream-std: 0.01515541204700654
test/loss: 2.581386756896973
test/loss-std: 0.07820626226340534
test/loss_labels: 2.202442264556885
test/loss_labels-std: 0.07525642175272097
test/loss_timestamps: 0.14451406002044678
test/loss_timestamps-std: 0.00022723650876953618
test/loss_types: 0.23443039059638976
test/loss_types-std: 0.0029673055592091997
val/downstream: 0.8469200015068055
val/downstream-std: 0.0012812413056824301
val/loss: 2.540404796600342
val/loss-std: 0.07552547478864242
val/loss_labels: 2.1676579475402833
val/loss_labels-std: 0.07270295110777328
val/loss_timestamps: 0.14475499391555785
val/loss_timestamps-std: 0.00026358589852524823
val/loss_types: 0.22799196541309358
val/loss_types-std: 0.0027914603141452245
