date: '2025-07-31 07:31:26'
num_seeds: 5
test/accuracy-target: 0.9563636422157288
test/accuracy-target-std: 0.002338554455456139
test/batch-accuracy-target: 0.9563636422157288
test/batch-accuracy-target-std: 0.002338554455456139
test/downstream: 0.8611599922180175
test/downstream-std: 0.010183451016073828
test/loss: 0.14498644173145295
test/loss-std: 0.0036958419177096275
test/loss_target: 0.14498644173145295
test/loss_target-std: 0.0036958419177096275
val/accuracy-target: 0.9541414260864258
val/accuracy-target-std: 0.0012121160825419254
val/batch-accuracy-target: 0.9541414260864258
val/batch-accuracy-target-std: 0.0012121160825419254
val/downstream: 0.8593400001525879
val/downstream-std: 0.00785584122291399
val/loss: 0.15269824862480164
val/loss-std: 0.00394664845446267
val/loss_target: 0.15269824862480164
val/loss_target-std: 0.00394664845446267
