date: '2025-07-23 13:32:03'
num_seeds: 5
test/accuracy-target: 0.9537373781204224
test/accuracy-target-std: 0.002338552395855988
test/batch-accuracy-target: 0.9537373781204224
test/batch-accuracy-target-std: 0.002338552395855988
test/downstream: 0.8729200005531311
test/downstream-std: 0.00515573452296526
test/loss: 0.16638846397399903
test/loss-std: 0.02741250748576473
test/loss_target: 0.16638846397399903
test/loss_target-std: 0.02741250748576473
val/accuracy-target: 0.9464646458625794
val/accuracy-target-std: 0.006451996095553241
val/batch-accuracy-target: 0.9464646458625794
val/batch-accuracy-target-std: 0.006451996095553241
val/downstream: 0.8353599905967712
val/downstream-std: 0.0069061174561691014
val/loss: 0.17893418967723845
val/loss-std: 0.02360288048331276
val/loss_target: 0.17893418967723845
val/loss_target-std: 0.02360288048331276
