date: '2025-07-23 10:08:48'
num_seeds: 5
test/accuracy-target: 0.9565656781196594
test/accuracy-target-std: 0.0
test/batch-accuracy-target: 0.9565656781196594
test/batch-accuracy-target-std: 0.0
test/downstream: 0.8501999974250793
test/downstream-std: 0.008412377638144413
test/loss: 0.33620193004608157
test/loss-std: 0.0006538327729246106
test/loss_target: 0.33620193004608157
test/loss_target-std: 0.0006538327729246106
val/accuracy-target: 0.95252525806427
val/accuracy-target-std: 0.0
val/batch-accuracy-target: 0.95252525806427
val/batch-accuracy-target-std: 0.0
val/downstream: 0.8122599959373474
val/downstream-std: 0.011503142366975628
val/loss: 0.34596245288848876
val/loss-std: 0.0007487335570703793
val/loss_target: 0.34596245288848876
val/loss_target-std: 0.0007487335570703793
