date: '2025-07-23 10:07:02'
num_seeds: 5
test/accuracy-target: 0.9565656781196594
test/accuracy-target-std: 0.0
test/batch-accuracy-target: 0.9565656781196594
test/batch-accuracy-target-std: 0.0
test/downstream: 0.8704999923706055
test/downstream-std: 0.014563925212226679
test/loss: 0.33595422506332395
test/loss-std: 0.0012170306846939981
test/loss_target: 0.33595422506332395
test/loss_target-std: 0.0012170306846939981
val/accuracy-target: 0.95252525806427
val/accuracy-target-std: 0.0
val/batch-accuracy-target: 0.95252525806427
val/batch-accuracy-target-std: 0.0
val/downstream: 0.8492400050163269
val/downstream-std: 0.009498754665354858
val/loss: 0.3474951148033142
val/loss-std: 0.0015028769494262336
val/loss_target: 0.3474951148033142
val/loss_target-std: 0.0015028769494262336
