date: '2026-03-14 07:01:42'
num_seeds: 4
test/downstream-auroc: 0.6923255771398544
test/downstream-auroc-std: 0.0021958450380545097
test/loss: 2.7434152960777283
test/loss-std: 0.12418551466313447
test/loss_labels: 2.3718088269233704
test/loss_labels-std: 0.1218843956488296
test/loss_timestamps: 0.13743358477950096
test/loss_timestamps-std: 0.0006946425737333327
test/loss_types: 0.23417279869318008
test/loss_types-std: 0.003115168787995997
val/downstream-auroc: 0.6882224529981613
val/downstream-auroc-std: 0.0014961042792098927
val/loss: 2.6661917567253113
val/loss-std: 0.11773477020558791
val/loss_labels: 2.3062127232551575
val/loss_labels-std: 0.11603089379469826
val/loss_timestamps: 0.13720565289258957
val/loss_timestamps-std: 0.0006773494369932777
val/loss_types: 0.2227734886109829
val/loss_types-std: 0.0026730377091131663
