date: '2025-07-31 07:31:22'
num_seeds: 5
test/accuracy-target: 0.9559596061706543
test/accuracy-target-std: 0.0004948556741588893
test/batch-accuracy-target: 0.9559596061706543
test/batch-accuracy-target-std: 0.0004948556741588893
test/downstream: 0.8181399941444397
test/downstream-std: 0.019346784262413534
test/loss: 0.15916627645492554
test/loss-std: 0.018035412777543298
test/loss_target: 0.15916627645492554
test/loss_target-std: 0.018035412777543298
val/accuracy-target: 0.9537373781204224
val/accuracy-target-std: 0.0007558790404199081
val/batch-accuracy-target: 0.9537373781204224
val/batch-accuracy-target-std: 0.0007558790404199081
val/downstream: 0.8097000002861023
val/downstream-std: 0.009781000041867076
val/loss: 0.17655192017555238
val/loss-std: 0.021446184095687684
val/loss_target: 0.17655192017555238
val/loss_target-std: 0.021446184095687684
