date: '2026-03-14 18:00:22'
num_seeds: 2
test/accuracy-target: 0.6725739240646362
test/accuracy-target-std: 0.00021350383758544922
test/downstream-auroc: 0.6994217038154602
test/downstream-auroc-std: 0.0022755861282348633
test/loss: 3.4156285524368286
test/loss-std: 0.06602990627288818
test/loss_1_batch-accuracy-target: 0.6709009408950806
test/loss_1_batch-accuracy-target-std: 0.0007472038269042969
test/loss_1_nans-target: 0.0
test/loss_1_nans-target-std: 0.0
test/loss_loss_0_labels: 2.403262495994568
test/loss_loss_0_labels-std: 0.06598412990570068
test/loss_loss_0_timestamps: 0.13594231754541397
test/loss_loss_0_timestamps-std: 6.0148537158966064e-05
test/loss_loss_0_types: 0.23370049893856049
test/loss_loss_0_types-std: 0.0002063363790512085
test/loss_loss_1_target: 0.6427230834960938
test/loss_loss_1_target-std: 0.00022041797637939453
test/macro-auc-target: 0.6859740614891052
test/macro-auc-target-std: 0.002764880657196045
val/accuracy-target: 0.568990558385849
val/accuracy-target-std: 0.003994196653366089
val/downstream-auroc: 0.7041518688201904
val/downstream-auroc-std: 0.002946317195892334
val/loss: 3.3486677408218384
val/loss-std: 0.06332266330718994
val/loss_1_batch-accuracy-target: 0.572568953037262
val/loss_1_batch-accuracy-target-std: 0.0021770596504211426
val/loss_1_nans-target: 0.0
val/loss_1_nans-target-std: 0.0
val/loss_loss_0_labels: 2.3299968242645264
val/loss_loss_0_labels-std: 0.06298327445983887
val/loss_loss_0_timestamps: 0.13579174131155014
val/loss_loss_0_timestamps-std: 5.7913362979888916e-05
val/loss_loss_0_types: 0.22210638225078583
val/loss_loss_0_types-std: 0.00039130449295043945
val/loss_loss_1_target: 0.6607728898525238
val/loss_loss_1_target-std: 0.0006722509860992432
val/macro-auc-target: 0.6936054229736328
val/macro-auc-target-std: 0.006212472915649414
