date: '2026-03-16 16:09:53'
num_seeds: 5
test/accuracy-target: 0.6711220264434814
test/accuracy-target-std: 0.0021154139585270993
test/downstream-auroc: 0.6998820543289185
test/downstream-auroc-std: 0.0008693040422427224
test/loss: 3.4560522556304933
test/loss-std: 0.1514123071789929
test/loss_1_batch-accuracy-target: 0.6691716551780701
test/loss_1_batch-accuracy-target-std: 0.003412140896220475
test/loss_1_nans-target: 0.0
test/loss_1_nans-target-std: 0.0
test/loss_loss_0_labels: 2.4497540473937987
test/loss_loss_0_labels-std: 0.14830106928122055
test/loss_loss_0_timestamps: 0.1358601152896881
test/loss_loss_0_timestamps-std: 0.00018967703594710436
test/loss_loss_0_types: 0.22885991632938385
test/loss_loss_0_types-std: 0.0025556536815076526
test/loss_loss_1_target: 0.64157794713974
test/loss_loss_1_target-std: 0.001570857105623195
test/macro-auc-target: 0.6877201080322266
test/macro-auc-target-std: 0.008101830604171906
val/accuracy-target: 0.5771241664886475
val/accuracy-target-std: 0.013682188359879645
val/downstream-auroc: 0.701650059223175
val/downstream-auroc-std: 0.0024152225224604424
val/loss: 3.3913649559020995
val/loss-std: 0.14705354431819773
val/loss_1_batch-accuracy-target: 0.5796807050704956
val/loss_1_batch-accuracy-target-std: 0.011066702931720542
val/loss_1_nans-target: 0.0
val/loss_1_nans-target-std: 0.0
val/loss_loss_0_labels: 2.3775641918182373
val/loss_loss_0_labels-std: 0.14417316914022468
val/loss_loss_0_timestamps: 0.13570724427700043
val/loss_loss_0_timestamps-std: 0.00021659847165222344
val/loss_loss_0_types: 0.2174232453107834
val/loss_loss_0_types-std: 0.002353799976120299
val/loss_loss_1_target: 0.6606700658798218
val/loss_loss_1_target-std: 0.0008716500142531295
val/macro-auc-target: 0.6899564027786255
val/macro-auc-target-std: 0.006855677777710881
