date: '2026-03-14 07:32:30'
num_seeds: 4
test/accuracy-target: 0.6704654693603516
test/accuracy-target-std: 0.0018542880717067713
test/downstream-auroc: 0.7001090794801712
test/downstream-auroc-std: 0.0008288002176747776
test/loss: 3.447543740272522
test/loss-std: 0.1682115759649079
test/loss_1_batch-accuracy-target: 0.6683924049139023
test/loss_1_batch-accuracy-target-std: 0.003393704023415642
test/loss_1_nans-target: 0.0
test/loss_1_nans-target-std: 0.0
test/loss_loss_0_labels: 2.441602110862732
test/loss_loss_0_labels-std: 0.16480060252137735
test/loss_loss_0_timestamps: 0.1358664706349373
test/loss_loss_0_timestamps-std: 0.00021158868209551708
test/loss_loss_0_types: 0.22873694449663162
test/loss_loss_0_types-std: 0.0028440458534458113
test/loss_loss_1_target: 0.6413380652666092
test/loss_loss_1_target-std: 0.0016723556716724166
test/macro-auc-target: 0.6871567070484161
test/macro-auc-target-std: 0.008970087545870323
val/accuracy-target: 0.5771604776382446
val/accuracy-target-std: 0.015296936144081508
val/downstream-auroc: 0.7027699947357178
val/downstream-auroc-std: 0.0010101222846658478
val/loss: 3.384011447429657
val/loss-std: 0.16358655411252096
val/loss_1_batch-accuracy-target: 0.5800072699785233
val/loss_1_batch-accuracy-target-std: 0.012351383283985422
val/loss_1_nans-target: 0.0
val/loss_1_nans-target-std: 0.0
val/loss_loss_0_labels: 2.3704954981803894
val/loss_loss_0_labels-std: 0.1604136721922138
val/loss_loss_0_timestamps: 0.13571052253246307
val/loss_loss_0_timestamps-std: 0.00024205348088430156
val/loss_loss_0_types: 0.21740257367491722
val/loss_loss_0_types-std: 0.0026312224016287527
val/loss_loss_1_target: 0.6604027450084686
val/loss_loss_1_target-std: 0.0007696849633969185
val/macro-auc-target: 0.689828097820282
val/macro-auc-target-std: 0.007659509542266454
