date: '2026-03-14 07:01:31'
num_seeds: 4
test/downstream-auroc: 0.6975875049829483
test/downstream-auroc-std: 0.004168060765355586
test/loss: 2.6309418082237244
test/loss-std: 0.1163639214413332
test/loss_labels: 2.255239248275757
test/loss_labels-std: 0.10894812425986868
test/loss_timestamps: 0.13619234040379524
test/loss_timestamps-std: 0.00020693707417955914
test/loss_types: 0.23951002582907677
test/loss_types-std: 0.008112807362380198
val/downstream-auroc: 0.6886114776134491
val/downstream-auroc-std: 0.0018450068691952242
val/loss: 2.559865176677704
val/loss-std: 0.11548393309589768
val/loss_labels: 2.1965410709381104
val/loss_labels-std: 0.10777700892521316
val/loss_timestamps: 0.13605095818638802
val/loss_timestamps-std: 0.0002489554308969864
val/loss_types: 0.2272733710706234
val/loss_types-std: 0.008199683245409064
