date: '2026-03-16 16:16:06'
num_seeds: 5
test/accuracy-target: 0.6709725618362427
test/accuracy-target-std: 0.004226863781655933
test/downstream-auroc: 0.6967907547950745
test/downstream-auroc-std: 0.0016277662815776404
test/loss: 3.2145329475402833
test/loss-std: 0.04802658377125086
test/loss_1_batch-accuracy-target: 0.6707942128181458
test/loss_1_batch-accuracy-target-std: 0.005691891856162214
test/loss_1_nans-target: 0.0
test/loss_1_nans-target-std: 0.0
test/loss_loss_0_labels: 2.2021170616149903
test/loss_loss_0_labels-std: 0.04611771700385358
test/loss_loss_0_timestamps: 0.1353548973798752
test/loss_loss_0_timestamps-std: 8.561629029109704e-05
test/loss_loss_0_types: 0.23416040241718292
test/loss_loss_0_types-std: 0.0019090590747804451
test/loss_loss_1_target: 0.6429005980491638
test/loss_loss_1_target-std: 0.000775983573525464
test/macro-auc-target: 0.6783791780471802
test/macro-auc-target-std: 0.005832426677525447
val/accuracy-target: 0.594843864440918
val/accuracy-target-std: 0.010319947928441535
val/downstream-auroc: 0.693683922290802
val/downstream-auroc-std: 0.0035987530862150825
val/loss: 3.1629665374755858
val/loss-std: 0.04611703925146219
val/loss_1_batch-accuracy-target: 0.5876632809638977
val/loss_1_batch-accuracy-target-std: 0.004191442851799087
val/loss_1_nans-target: 0.0
val/loss_1_nans-target-std: 0.0
val/loss_loss_0_labels: 2.141951894760132
val/loss_loss_0_labels-std: 0.04467432776756295
val/loss_loss_0_timestamps: 0.13518234193325043
val/loss_loss_0_timestamps-std: 8.127858970335634e-05
val/loss_loss_0_types: 0.22230044901371002
val/loss_loss_0_types-std: 0.00173720880285765
val/loss_loss_1_target: 0.6635318398475647
val/loss_loss_1_target-std: 0.001169474322567019
val/macro-auc-target: 0.6746441721916199
val/macro-auc-target-std: 0.005602243542860659
