date: '2025-07-31 16:36:48'
num_seeds: 5
test/downstream: 0.8464600205421448
test/downstream-std: 0.010717383453078417
test/loss: 2.5813858032226564
test/loss-std: 0.07820323467556303
test/loss_labels: 2.2024417400360106
test/loss_labels-std: 0.07525351930521085
test/loss_timestamps: 0.14451416730880737
test/loss_timestamps-std: 0.0002271638662333222
test/loss_types: 0.2344298392534256
test/loss_types-std: 0.0029673201702091613
val/downstream: 0.8455600023269654
val/downstream-std: 0.003845305192878526
val/loss: 2.5404048442840574
val/loss-std: 0.0755241044078826
val/loss_labels: 2.167658472061157
val/loss_labels-std: 0.07270181688825941
val/loss_timestamps: 0.1447551280260086
val/loss_timestamps-std: 0.0002635090825769796
val/loss_types: 0.22799126505851747
val/loss_types-std: 0.0027912510922909937
