date: '2025-08-01 19:01:43'
num_seeds: 3
test/downstream: 0.7399333318074545
test/downstream-std: 0.0025090952061688067
test/loss: 2.524876594543457
test/loss-std: 0.008593567562113378
test/loss_labels: 2.148688872655233
test/loss_labels-std: 0.007594053650790861
test/loss_timestamps: 0.14428301652272543
test/loss_timestamps-std: 0.00011322305903655678
test/loss_types: 0.23190471033255258
test/loss_types-std: 0.000890521510573797
val/downstream: 0.7080666621526083
val/downstream-std: 0.0023113151911150474
val/loss: 2.4860021273295083
val/loss-std: 0.009733108675001182
val/loss_labels: 2.1159890492757163
val/loss_labels-std: 0.00870900288889952
val/loss_timestamps: 0.14445122083028158
val/loss_timestamps-std: 0.00014558172370689176
val/loss_types: 0.22556156913439432
val/loss_types-std: 0.0009082071643265548
