date: '2025-08-01 17:15:21'
num_seeds: 3
test/downstream: 0.745199998219808
test/downstream-std: 0.002706778614324249
test/loss: 2.519974708557129
test/loss-std: 0.0034198037667061885
test/loss_labels: 2.1441335678100586
test/loss_labels-std: 0.0037885080173290816
test/loss_timestamps: 0.144237091143926
test/loss_timestamps-std: 1.4271559851969632e-05
test/loss_types: 0.2316041737794876
test/loss_types-std: 0.0004896330797068641
val/downstream: 0.7098000049591064
val/downstream-std: 0.0038270877002832115
val/loss: 2.481633424758911
val/loss-std: 0.003580366616889419
val/loss_labels: 2.1121064821879068
val/loss_labels-std: 0.004133817618386755
val/loss_timestamps: 0.1444189747174581
val/loss_timestamps-std: 3.0429580321972317e-05
val/loss_types: 0.22510812679926553
val/loss_types-std: 0.0006115239902344285
