date: '2025-08-01 18:52:23'
num_seeds: 3
test/downstream: 0.7422999938329061
test/downstream-std: 0.00043204749643856573
test/loss: 2.518908898035685
test/loss-std: 0.0030716176113097255
test/loss_labels: 2.1435647010803223
test/loss_labels-std: 0.0030046978055776235
test/loss_timestamps: 0.14421254893143973
test/loss_timestamps-std: 3.747362143399705e-05
test/loss_types: 0.23113170266151428
test/loss_types-std: 0.0001553986240194198
val/downstream: 0.7113666733105978
val/downstream-std: 0.002715806678330889
val/loss: 2.4795444011688232
val/loss-std: 0.0018808966772158732
val/loss_labels: 2.1102983951568604
val/loss_labels-std: 0.0018148065278021808
val/loss_timestamps: 0.1444225311279297
val/loss_timestamps-std: 2.8587731793467396e-05
val/loss_types: 0.22482319176197052
val/loss_types-std: 0.00025058867604756623
