date: '2025-08-01 19:33:49'
num_seeds: 3
test/downstream: 0.7470666766166687
test/downstream-std: 0.002503785172980478
test/loss: 2.5181829929351807
test/loss-std: 0.004729673486663302
test/loss_labels: 2.1424593925476074
test/loss_labels-std: 0.004187126965662559
test/loss_timestamps: 0.1442605604728063
test/loss_timestamps-std: 0.00010595991142258693
test/loss_types: 0.2314629703760147
test/loss_types-std: 0.0004380210113759204
val/downstream: 0.7104000051816305
val/downstream-std: 0.004322792888809786
val/loss: 2.479558785756429
val/loss-std: 0.0047254378945766305
val/loss_labels: 2.109900712966919
val/loss_labels-std: 0.004269696982347327
val/loss_timestamps: 0.14443417886892954
val/loss_timestamps-std: 8.083102470992505e-05
val/loss_types: 0.22522379457950592
val/loss_types-std: 0.000410873196754603
