date: '2025-08-01 18:40:17'
num_seeds: 3
test/downstream: 0.7378333409627279
test/downstream-std: 0.003693542956043355
test/loss: 2.5464934508005777
test/loss-std: 0.023014746642330147
test/loss_labels: 2.1684072017669678
test/loss_labels-std: 0.022067595989699533
test/loss_timestamps: 0.14447489380836487
test/loss_timestamps-std: 0.0001467996217317972
test/loss_types: 0.2336114744345347
test/loss_types-std: 0.0009370752824565156
val/downstream: 0.7084666689236959
val/downstream-std: 0.0029691128008293727
val/loss: 2.5069757302602134
val/loss-std: 0.023073649719895655
val/loss_labels: 2.1350109577178955
val/loss_labels-std: 0.02188956367524537
val/loss_timestamps: 0.14466354747613272
val/loss_timestamps-std: 0.00012814666195588005
val/loss_types: 0.2273012399673462
val/loss_types-std: 0.0011330443710715332
