date: '2025-08-01 19:17:41'
num_seeds: 3
test/downstream: 0.7409000198046366
test/downstream-std: 0.00045460719637993325
test/loss: 2.522331635157267
test/loss-std: 0.004257840306184689
test/loss_labels: 2.1471060117085776
test/loss_labels-std: 0.0038929871494497565
test/loss_timestamps: 0.14422976970672607
test/loss_timestamps-std: 2.646394487378519e-05
test/loss_types: 0.23099582890669504
test/loss_types-std: 0.0003404860028132638
val/downstream: 0.7101333340009054
val/downstream-std: 0.001255207544867911
val/loss: 2.4827957153320312
val/loss-std: 0.0033358950677644886
val/loss_labels: 2.113788922627767
val/loss_labels-std: 0.0031734269463761073
val/loss_timestamps: 0.14439495404561362
val/loss_timestamps-std: 1.1701996990144534e-05
val/loss_types: 0.22461179892222086
val/loss_types-std: 0.00028555157580874003
