date: '2025-07-24 22:09:22'
num_seeds: 3
test/downstream: 0.8229999939600626
test/downstream-std: 0.0045460763341546055
test/loss: 5.0445278485616045
test/loss-std: 0.006730636606037243
test/loss_channel_type: 4.8105271465222664e-05
test/loss_channel_type-std: 1.556584889516864e-05
test/loss_currency: 0.07811564207077026
test/loss_currency-std: 0.0006927823660741686
test/loss_labels: 2.58583402633667
test/loss_labels-std: 0.0051503026389188855
test/loss_log_amount: 1.2351542313893635
test/loss_log_amount-std: 0.0015938932414983923
test/loss_timestamps: 0.6177083253860474
test/loss_timestamps-std: 0.0010587489044910844
test/loss_trx_category: 0.5276678800582886
test/loss_trx_category-std: 0.001210970970195811
val/downstream: 0.8276666601498922
val/downstream-std: 0.004027658089579293
val/loss: 4.898081302642822
val/loss-std: 0.008773848552520162
val/loss_channel_type: 5.840588225206981e-05
val/loss_channel_type-std: 8.510479759192324e-06
val/loss_currency: 0.057140919069449105
val/loss_currency-std: 0.0003762580943775657
val/loss_labels: 2.5418445269266763
val/loss_labels-std: 0.006232012962088695
val/loss_log_amount: 1.2051256100336711
val/loss_log_amount-std: 0.0007114951118435451
val/loss_timestamps: 0.6027119159698486
val/loss_timestamps-std: 0.0007890262704839224
val/loss_trx_category: 0.49119990070660907
val/loss_trx_category-std: 0.0008216628824140659
