date: '2025-07-24 22:41:45'
num_seeds: 3
test/downstream: 0.8226666847864786
test/downstream-std: 0.004109604771477557
test/loss: 5.038703441619873
test/loss-std: 0.003222053213010941
test/loss_channel_type: 2.2778469428885728e-05
test/loss_channel_type-std: 2.988064653037579e-06
test/loss_currency: 0.07767857114473979
test/loss_currency-std: 0.000999478218998892
test/loss_labels: 2.5821145375569663
test/loss_labels-std: 0.0015986198851399337
test/loss_log_amount: 1.2355841000874836
test/loss_log_amount-std: 0.0008973975887782627
test/loss_timestamps: 0.6171008348464966
test/loss_timestamps-std: 0.0004188720896249282
test/loss_trx_category: 0.5262026389439901
test/loss_trx_category-std: 0.00013870929613743477
val/downstream: 0.8259999950726827
val/downstream-std: 0.0016329964712711142
val/loss: 4.892984549204509
val/loss-std: 0.00022239988134844355
val/loss_channel_type: 2.9924620927583117e-05
val/loss_channel_type-std: 5.323491728722903e-06
val/loss_currency: 0.05680931732058525
val/loss_currency-std: 2.3583603546323282e-05
val/loss_labels: 2.538970390955607
val/loss_labels-std: 0.00015442143124071254
val/loss_log_amount: 1.2045834859212239
val/loss_log_amount-std: 0.00010898582120666303
val/loss_timestamps: 0.6021732290585836
val/loss_timestamps-std: 0.0002761230672025166
val/loss_trx_category: 0.49041791756947833
val/loss_trx_category-std: 0.0005003082031488595
