date: '2025-07-24 11:53:37'
num_seeds: 3
test/downstream: 0.8170000116030375
test/downstream-std: 0.005099027898816881
test/loss: 5.04732879002889
test/loss-std: 0.0010657547183137992
test/loss_channel_type: 2.665648025867995e-05
test/loss_channel_type-std: 4.7800865974576195e-06
test/loss_currency: 0.07794433583815892
test/loss_currency-std: 0.0006362099035637229
test/loss_labels: 2.588479439417521
test/loss_labels-std: 0.001612480113100135
test/loss_log_amount: 1.2360282341639202
test/loss_log_amount-std: 0.0016934880717726522
test/loss_timestamps: 0.6174223224322001
test/loss_timestamps-std: 0.0005358495894544746
test/loss_trx_category: 0.5274279117584229
test/loss_trx_category-std: 0.000676670759705107
val/downstream: 0.8256666660308838
val/downstream-std: 0.003299815252436623
val/loss: 4.898057301839192
val/loss-std: 0.0017425464601258237
val/loss_channel_type: 3.635177927208133e-05
val/loss_channel_type-std: 7.518116659342671e-06
val/loss_currency: 0.05697598308324814
val/loss_currency-std: 0.00046376441897284673
val/loss_labels: 2.5431516965230307
val/loss_labels-std: 0.0014799141673515117
val/loss_log_amount: 1.204990824063619
val/loss_log_amount-std: 0.00045494381356029717
val/loss_timestamps: 0.6021555066108704
val/loss_timestamps-std: 0.00012744622532560968
val/loss_trx_category: 0.49074670672416687
val/loss_trx_category-std: 0.00024845640599547864
