date: '2025-07-24 11:45:29'
num_seeds: 3
test/downstream: 0.8223333557446798
test/downstream-std: 0.00047139845164484613
test/loss: 5.044543743133545
test/loss-std: 0.00876057021588152
test/loss_channel_type: 3.621585165092256e-05
test/loss_channel_type-std: 1.0048050985755578e-05
test/loss_currency: 0.07817544291416804
test/loss_currency-std: 0.0005435973731967045
test/loss_labels: 2.5859442551930747
test/loss_labels-std: 0.005115021625089157
test/loss_log_amount: 1.235710581143697
test/loss_log_amount-std: 0.0011891417266100567
test/loss_timestamps: 0.6175867517789205
test/loss_timestamps-std: 0.0011581514665239875
test/loss_trx_category: 0.5270903706550598
test/loss_trx_category-std: 0.001300085756981848
val/downstream: 0.8339999914169312
val/downstream-std: 0.002943929629272661
val/loss: 4.898060480753581
val/loss-std: 0.010784389844152729
val/loss_channel_type: 4.4979413360124454e-05
val/loss_channel_type-std: 6.636263167787075e-06
val/loss_currency: 0.057348510871330895
val/loss_currency-std: 0.0009354675195054545
val/loss_labels: 2.541912078857422
val/loss_labels-std: 0.0066827266091703036
val/loss_log_amount: 1.205131967862447
val/loss_log_amount-std: 0.0015726603504478515
val/loss_timestamps: 0.602510948975881
val/loss_timestamps-std: 0.0009577499294304276
val/loss_trx_category: 0.49111174543698627
val/loss_trx_category-std: 0.0008301586411837882
