date: '2025-07-24 18:39:15'
num_seeds: 3
test/downstream: 0.8193333347638448
test/downstream-std: 0.00464278339125849
test/loss: 5.043276945749919
test/loss-std: 0.0025439290643827477
test/loss_channel_type: 2.844972489886762e-05
test/loss_channel_type-std: 1.0140022229701835e-05
test/loss_currency: 0.0777657429377238
test/loss_currency-std: 0.0006782714279941926
test/loss_labels: 2.586134433746338
test/loss_labels-std: 0.0017004180207770845
test/loss_log_amount: 1.2356125116348267
test/loss_log_amount-std: 0.000921627831235323
test/loss_timestamps: 0.6172369122505188
test/loss_timestamps-std: 0.0003901889253988309
test/loss_trx_category: 0.5264987548192342
test/loss_trx_category-std: 0.00013717428827746678
val/downstream: 0.8259999950726827
val/downstream-std: 0.0008165104024733711
val/loss: 4.896124521891276
val/loss-std: 0.0002781178585856454
val/loss_channel_type: 3.365467697828232e-05
val/loss_channel_type-std: 9.947065946097344e-06
val/loss_currency: 0.05708198746045431
val/loss_currency-std: 0.00022639646124649973
val/loss_labels: 2.541919787724813
val/loss_labels-std: 0.000514202655757036
val/loss_log_amount: 1.2045563459396362
val/loss_log_amount-std: 0.00033063736056462216
val/loss_timestamps: 0.6020985047022501
val/loss_timestamps-std: 0.0002283538517558019
val/loss_trx_category: 0.490434596935908
val/loss_trx_category-std: 0.0003161441159525578
