date: '2025-07-24 11:42:51'
num_seeds: 3
test/downstream: 0.8253333369890848
test/downstream-std: 0.005436504024364886
test/loss: 5.052532037099202
test/loss-std: 0.011718229226044765
test/loss_channel_type: 8.787530350673478e-05
test/loss_channel_type-std: 4.483842739864009e-05
test/loss_currency: 0.07893312722444534
test/loss_currency-std: 0.0012308715592607956
test/loss_labels: 2.5902140935262046
test/loss_labels-std: 0.00827036809924373
test/loss_log_amount: 1.2369843324025471
test/loss_log_amount-std: 0.0007761833459337442
test/loss_timestamps: 0.618129034837087
test/loss_timestamps-std: 0.0007375191623356036
test/loss_trx_category: 0.5281835794448853
test/loss_trx_category-std: 0.0015708803764927777
val/downstream: 0.8303333123524984
val/downstream-std: 0.0004713984516448461
val/loss: 4.905096848805745
val/loss-std: 0.01218832597199566
val/loss_channel_type: 8.664728253885794e-05
val/loss_channel_type-std: 3.295277962716451e-05
val/loss_currency: 0.057520477722088494
val/loss_currency-std: 0.0011307311019559483
val/loss_labels: 2.546111583709717
val/loss_labels-std: 0.00823232467988259
val/loss_log_amount: 1.2059067090352376
val/loss_log_amount-std: 0.0011115073319573328
val/loss_timestamps: 0.6031135519345602
val/loss_timestamps-std: 0.000868530232079563
val/loss_trx_category: 0.49235780040423077
val/loss_trx_category-std: 0.0010523193719953166
