date: '2025-07-24 18:35:02'
num_seeds: 3
test/downstream: 0.8233333428700765
test/downstream-std: 0.0012472030714731697
test/loss: 5.0418446858723955
test/loss-std: 0.005300133656683182
test/loss_channel_type: 3.880451974206759e-05
test/loss_channel_type-std: 1.3728177693474963e-05
test/loss_currency: 0.07820181300242741
test/loss_currency-std: 0.0007433198352810371
test/loss_labels: 2.583871920903524
test/loss_labels-std: 0.002663582946185253
test/loss_log_amount: 1.235469897588094
test/loss_log_amount-std: 0.0013765803719796273
test/loss_timestamps: 0.6173503597577413
test/loss_timestamps-std: 0.0004156700075621923
test/loss_trx_category: 0.5269119540850321
test/loss_trx_category-std: 0.00086764761094701
val/downstream: 0.8300000031789144
val/downstream-std: 0.005099008416442664
val/loss: 4.895555019378662
val/loss-std: 0.004051104850784234
val/loss_channel_type: 4.116820370351585e-05
val/loss_channel_type-std: 1.3042414846895422e-05
val/loss_currency: 0.05693271880348524
val/loss_currency-std: 0.00014490872026359395
val/loss_labels: 2.5400258700052896
val/loss_labels-std: 0.002496883099530909
val/loss_log_amount: 1.2053167422612507
val/loss_log_amount-std: 0.0006368420540149782
val/loss_timestamps: 0.6023770173390707
val/loss_timestamps-std: 0.000534303372888707
val/loss_trx_category: 0.49086156487464905
val/loss_trx_category-std: 0.0005689199091785127
