date: '2025-07-24 11:51:01'
num_seeds: 3
test/downstream: 0.8199999928474426
test/downstream-std: 0.004320484160306154
test/loss: 5.0403852462768555
test/loss-std: 0.0020800290905654125
test/loss_channel_type: 2.2201855851259705e-05
test/loss_channel_type-std: 4.498492547851671e-06
test/loss_currency: 0.07751638938983281
test/loss_currency-std: 0.0010242943107371097
test/loss_labels: 2.5847228368123374
test/loss_labels-std: 0.00168646098690979
test/loss_log_amount: 1.2346814076105754
test/loss_log_amount-std: 0.0008767157507352395
test/loss_timestamps: 0.6172979474067688
test/loss_timestamps-std: 0.00013601390751980335
test/loss_trx_category: 0.5261446833610535
test/loss_trx_category-std: 0.0003063686626884317
val/downstream: 0.8259999950726827
val/downstream-std: 0.003559008175395332
val/loss: 4.893905480702718
val/loss-std: 0.001259123185749184
val/loss_channel_type: 3.2313164410879835e-05
val/loss_channel_type-std: 1.43884160347588e-05
val/loss_currency: 0.056514223416646324
val/loss_currency-std: 0.0005922690783982942
val/loss_labels: 2.540817975997925
val/loss_labels-std: 0.0007090178115295592
val/loss_log_amount: 1.2043846448262532
val/loss_log_amount-std: 0.0003063588495652927
val/loss_timestamps: 0.6022071043650309
val/loss_timestamps-std: 0.0001137590868754903
val/loss_trx_category: 0.4899491270383199
val/loss_trx_category-std: 0.0004885475849344434
