date: '2025-07-24 18:36:42'
num_seeds: 3
test/downstream: 0.8233333230018616
test/downstream-std: 0.006018486269468349
test/loss: 5.039454936981201
test/loss-std: 0.0006694326130840461
test/loss_channel_type: 1.9851157048833556e-05
test/loss_channel_type-std: 4.042815328317127e-06
test/loss_currency: 0.07768573115269344
test/loss_currency-std: 0.0007207797270012257
test/loss_labels: 2.5835527578989663
test/loss_labels-std: 0.000731323910918499
test/loss_log_amount: 1.2340350151062012
test/loss_log_amount-std: 0.0009443384064900618
test/loss_timestamps: 0.6174196402231852
test/loss_timestamps-std: 0.0004135403339438992
test/loss_trx_category: 0.5267420808474222
test/loss_trx_category-std: 0.0004018165430463309
val/downstream: 0.8303333322207133
val/downstream-std: 0.0012472296215260575
val/loss: 4.8929219245910645
val/loss-std: 0.0011660986814804766
val/loss_channel_type: 3.5134164136252366e-05
val/loss_channel_type-std: 1.7971852301961454e-05
val/loss_currency: 0.05669014280041059
val/loss_currency-std: 0.0002956896557244868
val/loss_labels: 2.5395944913228354
val/loss_labels-std: 0.0013189886450020616
val/loss_log_amount: 1.2042039235432942
val/loss_log_amount-std: 0.00017825349649045526
val/loss_timestamps: 0.6021514932314554
val/loss_timestamps-std: 0.00018552901862763384
val/loss_trx_category: 0.490247110525767
val/loss_trx_category-std: 0.0002526332003412565
