date: '2025-01-20 15:17:24'
test/accuracy-target: 0.6326666474342346
test/batch-accuracy-target: 0.6326666474342346
test/downstream: 0.64
test/downstream-std: 0.002
test/loss: 0.8373099565505981
test/loss_target: 0.8373099565505981
val/accuracy-target: 0.6405797004699707
val/batch-accuracy-target: 0.6405797004699707
val/downstream: 0.659
val/downstream-std: 0.008
val/loss: 0.8458134531974792
val/loss_target: 0.8458134531974792
