date: '2025-01-22 11:20:33'
test/downstream: 0.632
test/downstream-std: 0.007
test/loss: 3.5262718200683594
test/loss__presence: 0.19919313490390778
test/loss_labels: 1.7506489753723145
test/loss_log_amount: 0.7058114409446716
test/loss_timestamps: 0.8706173300743103
test/match_cost_mean: -5.423923492431641
test/match_cost_std: 6.888189315795898
test/max_cost: 64.77648162841797
test/prediction_match_rate: 0.27715665102005005
test/target_match_rate: 1.0
val/downstream: 0.631
val/downstream-std: 0.009
val/loss: 3.4997739791870117
val/loss__presence: 0.1986597627401352
val/loss_labels: 1.7305208444595337
val/loss_log_amount: 0.703184962272644
val/loss_timestamps: 0.867408275604248
val/match_cost_mean: -5.445137023925781
val/match_cost_std: 6.871946811676025
val/max_cost: 64.65093994140625
val/prediction_match_rate: 0.2778755724430084
val/target_match_rate: 1.0
