date: '2025-01-22 15:09:43'
test/accuracy-target: 0.6380000114440918
test/batch-accuracy-target: 0.6380000114440918
test/downstream: 0.642
test/downstream-std: 0.003
test/loss: 0.8252702355384827
test/loss_target: 0.8252702355384827
val/accuracy-target: 0.6398550868034363
val/batch-accuracy-target: 0.6398550868034363
val/downstream: 0.667
val/downstream-std: 0.004
val/loss: 0.8280223608016968
val/loss_target: 0.8280223608016968
