date: '2025-01-22 08:53:03'
test/downstream: 0.632
test/downstream-std: 0.005
test/loss: 3.5155153274536133
test/loss__presence: 0.19927170872688293
test/loss_labels: 1.7466273307800293
test/loss_log_amount: 0.7089230418205261
test/loss_timestamps: 0.8606945276260376
test/match_cost_mean: -5.362000465393066
test/match_cost_std: 6.918056011199951
test/max_cost: 70.96048736572266
test/prediction_match_rate: 0.27715665102005005
test/target_match_rate: 1.0
val/downstream: 0.634
val/downstream-std: 0.008
val/loss: 3.4883713722229004
val/loss__presence: 0.19888964295387268
val/loss_labels: 1.7263123989105225
val/loss_log_amount: 0.7061949968338013
val/loss_timestamps: 0.8569750785827637
val/match_cost_mean: -5.388261795043945
val/match_cost_std: 6.90789794921875
val/max_cost: 71.0758056640625
val/prediction_match_rate: 0.2778755724430084
val/target_match_rate: 1.0
