date: '2025-01-22 13:27:53'
test/downstream: 0.636
test/downstream-std: 0.003
test/loss: 7.176063060760498
test/loss__presence: 0.19911746680736542
test/loss_labels: 1.761675238609314
test/loss_log_amount: 0.7079823613166809
test/loss_next_item_labels: 2.2518486976623535
test/loss_next_item_log_amount: 0.8200843334197998
test/loss_next_item_timestamps: 0.5620494484901428
test/loss_timestamps: 0.8733059763908386
test/match_cost_mean: -5.161017417907715
test/match_cost_std: 6.919183731079102
test/max_cost: 69.69388580322266
test/prediction_match_rate: 0.27715665102005005
test/target_match_rate: 1.0
val/downstream: 0.631
val/downstream-std: 0.006
val/loss: 7.125741958618164
val/loss__presence: 0.19859819114208221
val/loss_labels: 1.7423511743545532
val/loss_log_amount: 0.7055968046188354
val/loss_next_item_labels: 2.233515977859497
val/loss_next_item_log_amount: 0.815531313419342
val/loss_next_item_timestamps: 0.5600664615631104
val/loss_timestamps: 0.8700814247131348
val/match_cost_mean: -5.187640190124512
val/match_cost_std: 6.904299736022949
val/max_cost: 69.5933837890625
val/prediction_match_rate: 0.2778755724430084
val/target_match_rate: 1.0
