date: '2025-01-22 11:23:55'
test/downstream: 0.641
test/downstream-std: 0.007
test/loss: 7.177834510803223
test/loss__presence: 0.1992349475622177
test/loss_labels: 1.7671746015548706
test/loss_log_amount: 0.7127954959869385
test/loss_next_item_labels: 2.249966621398926
test/loss_next_item_log_amount: 0.8206446170806885
test/loss_next_item_timestamps: 0.5616365671157837
test/loss_timestamps: 0.8663820624351501
test/match_cost_mean: -5.1844072341918945
test/match_cost_std: 6.809990882873535
test/max_cost: 66.35478210449219
test/prediction_match_rate: 0.27715665102005005
test/target_match_rate: 1.0
val/downstream: 0.632
val/downstream-std: 0.012
val/loss: 7.127492427825928
val/loss__presence: 0.19886884093284607
val/loss_labels: 1.7471063137054443
val/loss_log_amount: 0.7101532816886902
val/loss_next_item_labels: 2.231588125228882
val/loss_next_item_log_amount: 0.8161895275115967
val/loss_next_item_timestamps: 0.5596125721931458
val/loss_timestamps: 0.8639748692512512
val/match_cost_mean: -5.206455230712891
val/match_cost_std: 6.806404113769531
val/max_cost: 66.72081756591797
val/prediction_match_rate: 0.2778755724430084
val/target_match_rate: 1.0
