date: '2025-01-14 12:12:18'
test/downstream: 0.599
test/downstream-std: 0.002
test/loss: 2.674427032470703
test/loss_labels: 2.1187479496002197
test/loss_timedeltas: 0.5556783676147461
val/downstream: 0.599
val/downstream-std: 0.01
val/loss: 2.6570820808410645
val/loss_labels: 2.100935935974121
val/loss_timedeltas: 0.5561460852622986
