date: '2026-03-14 16:53:36'
num_seeds: 2
test/accuracy-target: 0.6189999878406525
test/accuracy-target-std: 0.0010000169277191162
test/downstream-accuracy: 0.6311666667461395
test/downstream-accuracy-std: 0.000833362340927124
test/loss: 4.706651926040649
test/loss-std: 0.0001556873321533203
test/loss_1_batch-accuracy-target: 0.637666642665863
test/loss_1_batch-accuracy-target-std: 0.004999995231628418
test/loss_1_nans-target: 0.0
test/loss_1_nans-target-std: 0.0
test/loss_loss_0_labels: 2.2936242818832397
test/loss_loss_0_labels-std: 0.0020841360092163086
test/loss_loss_0_log_amount: 0.8399100303649902
test/loss_loss_0_log_amount-std: 0.001966118812561035
test/loss_loss_0_timestamps: 0.5696165859699249
test/loss_loss_0_timestamps-std: 2.2917985916137695e-05
test/loss_loss_1_target: 1.0035010278224945
test/loss_loss_1_target-std: 0.004228502511978149
test/macro-auc-target: 0.8611264526844025
test/macro-auc-target-std: 0.0013699829578399658
val/accuracy-target: 0.626382976770401
val/accuracy-target-std: 0.002978712320327759
val/downstream-accuracy: 0.6270212531089783
val/downstream-accuracy-std: 0.002765953540802002
val/loss: 4.750014066696167
val/loss-std: 0.002252817153930664
val/loss_1_batch-accuracy-target: 0.623724490404129
val/loss_1_batch-accuracy-target-std: 0.0021258294582366943
val/loss_1_nans-target: 0.0
val/loss_1_nans-target-std: 0.0
val/loss_loss_0_labels: 2.304240345954895
val/loss_loss_0_labels-std: 0.002365708351135254
val/loss_loss_0_log_amount: 0.8385586738586426
val/loss_loss_0_log_amount-std: 0.001837313175201416
val/loss_loss_0_timestamps: 0.5733921229839325
val/loss_loss_0_timestamps-std: 0.00014212727546691895
val/loss_loss_1_target: 1.0338231325149536
val/loss_loss_1_target-std: 0.0018078088760375977
val/macro-auc-target: 0.8626874685287476
val/macro-auc-target-std: 0.0007854700088500977
