date: '2026-03-14 05:51:44'
num_seeds: 5
test/downstream-accuracy: 0.6420666694641113
test/downstream-accuracy-std: 0.0029619936268108736
test/loss: 72.34082489013672
test/loss-std: 0.6167205004331082
test/loss_coles: 72.34082489013672
test/loss_coles-std: 0.6167205004331082
val/downstream-accuracy: 0.6432340502738952
val/downstream-accuracy-std: 0.0026993656092472347
val/loss: 71.23166046142578
val/loss-std: 0.5806220070191533
val/loss_coles: 71.23166046142578
val/loss_coles-std: 0.5806220070191533
