date: '2026-03-14 06:37:58'
num_seeds: 5
test/accuracy-target: 0.6258666634559631
test/accuracy-target-std: 0.011136716665123645
test/downstream-accuracy: 0.637666666507721
test/downstream-accuracy-std: 0.0012995731746829227
test/loss: 4.692959594726562
test/loss-std: 0.018150836639649733
test/loss_1_batch-accuracy-target: 0.6468000054359436
test/loss_1_batch-accuracy-target-std: 0.011340381219311016
test/loss_1_nans-target: 0.0
test/loss_1_nans-target-std: 0.0
test/loss_loss_0_labels: 2.2928542137145995
test/loss_loss_0_labels-std: 0.0023986039248812666
test/loss_loss_0_log_amount: 0.8424153089523315
test/loss_loss_0_log_amount-std: 0.006479805527721838
test/loss_loss_0_timestamps: 0.5691320419311523
test/loss_loss_0_timestamps-std: 0.0006199213961333919
test/loss_loss_1_target: 0.9885581493377685
test/loss_loss_1_target-std: 0.013920925039313966
test/macro-auc-target: 0.8629584193229676
test/macro-auc-target-std: 0.004007974459329468
val/accuracy-target: 0.6283404231071472
val/accuracy-target-std: 0.0049449742570271205
val/downstream-accuracy: 0.63353191614151
val/downstream-accuracy-std: 0.007203439303155024
val/loss: 4.739677143096924
val/loss-std: 0.016131236330635144
val/loss_1_batch-accuracy-target: 0.6318027257919312
val/loss_1_batch-accuracy-target-std: 0.007976885275214986
val/loss_1_nans-target: 0.0
val/loss_1_nans-target-std: 0.0
val/loss_loss_0_labels: 2.303031063079834
val/loss_loss_0_labels-std: 0.0025654756146742267
val/loss_loss_0_log_amount: 0.840994918346405
val/loss_loss_0_log_amount-std: 0.006513559708275703
val/loss_loss_0_timestamps: 0.572927463054657
val/loss_loss_0_timestamps-std: 0.0006067217888043372
val/loss_loss_1_target: 1.022723913192749
val/loss_loss_1_target-std: 0.01217325281566327
val/macro-auc-target: 0.8638256192207336
val/macro-auc-target-std: 0.0019101246261175279
