date: '2026-03-16 16:31:44'
num_seeds: 5
test/downstream-accuracy: 0.6185999870300293
test/downstream-accuracy-std: 0.005434041276320759
test/loss: 3.6459307193756105
test/loss-std: 0.028332085167578295
test/loss_labels: 2.254773569107056
test/loss_labels-std: 0.024630245287192033
test/loss_log_amount: 0.8247092843055726
test/loss_log_amount-std: 0.002936972126112164
test/loss_timestamps: 0.566447913646698
test/loss_timestamps-std: 0.0010831124528706646
val/downstream-accuracy: 0.6312340497970581
val/downstream-accuracy-std: 0.0027127418425019565
val/loss: 3.655748701095581
val/loss-std: 0.028031585527896117
val/loss_labels: 2.2619275569915773
val/loss_labels-std: 0.02430260561220816
val/loss_log_amount: 0.8234784603118896
val/loss_log_amount-std: 0.0028680398607026825
val/loss_timestamps: 0.5703422904014588
val/loss_timestamps-std: 0.0010936169837580645
