date: '2026-03-16 16:22:37'
num_seeds: 5
test/accuracy-target: 0.5956666827201843
test/accuracy-target-std: 0.0068442934994344855
test/batch-accuracy-target: 0.5998666644096374
test/batch-accuracy-target-std: 0.009105808565452716
test/downstream-accuracy: 0.6043333411216736
test/downstream-accuracy-std: 0.008175846036389258
test/loss: 0.9537957787513733
test/loss-std: 0.04823210069674249
test/loss_target: 0.9537957787513733
test/loss_target-std: 0.04823210069674249
test/macro-auc-target: 0.8373498558998108
test/macro-auc-target-std: 0.00204083074192928
val/accuracy-target: 0.5919999957084656
val/accuracy-target-std: 0.008915482898834882
val/batch-accuracy-target: 0.5916666746139526
val/batch-accuracy-target-std: 0.009258947639463359
val/downstream-accuracy: 0.5989787220954895
val/downstream-accuracy-std: 0.010260874529451375
val/loss: 0.9587717294692993
val/loss-std: 0.019454336078221127
val/loss_target: 0.9587717294692993
val/loss_target-std: 0.019454336078221127
val/macro-auc-target: 0.837138545513153
val/macro-auc-target-std: 0.002902873415969405
