date: '2026-03-14 05:52:24'
num_seeds: 5
test/accuracy-target: 0.6231999874114991
test/accuracy-target-std: 0.012762092433213773
test/downstream-accuracy: 0.6459333300590515
test/downstream-accuracy-std: 0.008698399921569861
test/loss: 4.6778977394104
test/loss-std: 0.018106446669016764
test/loss_1_batch-accuracy-target: 0.6343999981880188
test/loss_1_batch-accuracy-target-std: 0.016267751848005312
test/loss_1_nans-target: 0.0
test/loss_1_nans-target-std: 0.0
test/loss_loss_0_labels: 2.295637083053589
test/loss_loss_0_labels-std: 0.011559655122427917
test/loss_loss_0_log_amount: 0.827160632610321
test/loss_loss_0_log_amount-std: 0.0010329953962794967
test/loss_loss_0_timestamps: 0.5691310882568359
test/loss_loss_0_timestamps-std: 0.0006768311299478602
test/loss_loss_1_target: 0.9859692454338074
test/loss_loss_1_target-std: 0.009691509145513729
test/macro-auc-target: 0.865510106086731
test/macro-auc-target-std: 0.0033652555483597657
val/accuracy-target: 0.6266383051872253
val/accuracy-target-std: 0.007509652192200271
val/downstream-accuracy: 0.6396595716476441
val/downstream-accuracy-std: 0.003762045834007974
val/loss: 4.7190450668334964
val/loss-std: 0.014457202868769137
val/loss_1_batch-accuracy-target: 0.6321428537368774
val/loss_1_batch-accuracy-target-std: 0.006422178494097802
val/loss_1_nans-target: 0.0
val/loss_1_nans-target-std: 0.0
val/loss_loss_0_labels: 2.305554723739624
val/loss_loss_0_labels-std: 0.011723535438484214
val/loss_loss_0_log_amount: 0.8259260416030884
val/loss_loss_0_log_amount-std: 0.0011300311975487056
val/loss_loss_0_timestamps: 0.5728981614112854
val/loss_loss_0_timestamps-std: 0.0006456772790340636
val/loss_loss_1_target: 1.0146663427352904
val/loss_loss_1_target-std: 0.0046415454589957125
val/macro-auc-target: 0.8630122303962707
val/macro-auc-target-std: 0.0023764576863800936
