date: '2026-03-14 18:11:22'
num_seeds: 2
test/accuracy-target: 0.6120000183582306
test/accuracy-target-std: 0.004666656255722046
test/downstream-accuracy: 0.6291666626930237
test/downstream-accuracy-std: 0.0001666545867919922
test/loss: 4.60327672958374
test/loss-std: 0.0028891563415527344
test/loss_1_batch-accuracy-target: 0.6276666522026062
test/loss_1_batch-accuracy-target-std: 0.013000011444091797
test/loss_1_nans-target: 0.0
test/loss_1_nans-target-std: 0.0
test/loss_loss_0_labels: 2.236822009086609
test/loss_loss_0_labels-std: 0.00040400028228759766
test/loss_loss_0_log_amount: 0.8189098834991455
test/loss_loss_0_log_amount-std: 0.0002821683883666992
test/loss_loss_0_timestamps: 0.5643921494483948
test/loss_loss_0_timestamps-std: 0.00020551681518554688
test/loss_loss_1_target: 0.9831521213054657
test/loss_loss_1_target-std: 0.0037806332111358643
test/macro-auc-target: 0.8548919856548309
test/macro-auc-target-std: 0.00032398104667663574
val/accuracy-target: 0.6117021143436432
val/accuracy-target-std: 0.0014893710613250732
val/downstream-accuracy: 0.6310638189315796
val/downstream-accuracy-std: 0.0021276473999023438
val/loss: 4.648801803588867
val/loss-std: 0.009586811065673828
val/loss_1_batch-accuracy-target: 0.6062925159931183
val/loss_1_batch-accuracy-target-std: 0.001700669527053833
val/loss_1_nans-target: 0.0
val/loss_1_nans-target-std: 0.0
val/loss_loss_0_labels: 2.244223475456238
val/loss_loss_0_labels-std: 0.00047457218170166016
val/loss_loss_0_log_amount: 0.8178584277629852
val/loss_loss_0_log_amount-std: 0.0003376901149749756
val/loss_loss_0_timestamps: 0.5682061612606049
val/loss_loss_0_timestamps-std: 0.00017073750495910645
val/loss_loss_1_target: 1.0185136795043945
val/loss_loss_1_target-std: 0.008603334426879883
val/macro-auc-target: 0.8543490469455719
val/macro-auc-target-std: 0.0020140111446380615
