date: '2026-03-14 06:21:16'
num_seeds: 4
test/accuracy-target: 0.5989166796207428
test/accuracy-target-std: 0.002396464607458886
test/batch-accuracy-target: 0.6021666675806046
test/batch-accuracy-target-std: 0.008786046557243278
test/downstream-accuracy: 0.6004166752099991
test/downstream-accuracy-std: 0.002618055326967371
test/loss: 0.9692779332399368
test/loss-std: 0.04134530062760632
test/loss_target: 0.9692779332399368
test/loss_target-std: 0.04134530062760632
test/macro-auc-target: 0.8370843529701233
test/macro-auc-target-std: 0.002203129278581103
val/accuracy-target: 0.5958510637283325
val/accuracy-target-std: 0.005020325654881566
val/batch-accuracy-target: 0.594175174832344
val/batch-accuracy-target-std: 0.0087004179502801
val/downstream-accuracy: 0.5948936194181442
val/downstream-accuracy-std: 0.006940217086962213
val/loss: 0.9642437547445297
val/loss-std: 0.017982594007586006
val/loss_target: 0.9642437547445297
val/loss_target-std: 0.017982594007586006
val/macro-auc-target: 0.8367592841386795
val/macro-auc-target-std: 0.003132753842163383
