date: '2026-03-16 17:02:15'
num_seeds: 5
test/accuracy-target: 0.4587999999523163
test/accuracy-target-std: 0.027778971498090135
test/batch-accuracy-target: 0.46520000100135805
test/batch-accuracy-target-std: 0.03361851382838023
test/downstream-accuracy: 0.4819333255290985
test/downstream-accuracy-std: 0.010047445604711183
test/loss: 1.130027437210083
test/loss-std: 0.03530793443446198
test/loss_target: 1.130027437210083
test/loss_target-std: 0.03530793443446198
test/macro-auc-target: 0.7456887602806092
test/macro-auc-target-std: 0.010872203709989573
val/accuracy-target: 0.47438297867774964
val/accuracy-target-std: 0.024292478749448888
val/batch-accuracy-target: 0.47568026185035706
val/batch-accuracy-target-std: 0.032333493849923754
val/downstream-accuracy: 0.48536170125007627
val/downstream-accuracy-std: 0.018375099821421718
val/loss: 1.131478452682495
val/loss-std: 0.04653676096413125
val/loss_target: 1.131478452682495
val/loss_target-std: 0.04653676096413125
val/macro-auc-target: 0.7557212710380554
val/macro-auc-target-std: 0.011931100524777956
