date: '2026-03-14 06:12:00'
num_seeds: 4
test/downstream-accuracy: 0.6160833239555359
test/downstream-accuracy-std: 0.0022897686757299565
test/loss: 3.6535465121269226
test/loss-std: 0.02670921781471588
test/loss_labels: 2.260940670967102
test/loss_labels-std: 0.023835802941648904
test/loss_log_amount: 0.8257573544979095
test/loss_log_amount-std: 0.0023000002057875554
test/loss_timestamps: 0.5668486207723618
test/loss_timestamps-std: 0.0008146071011020182
val/downstream-accuracy: 0.6317021399736404
val/downstream-accuracy-std: 0.0028466064555908886
val/loss: 3.6631396412849426
val/loss-std: 0.026628598340808208
val/loss_labels: 2.2679319977760315
val/loss_labels-std: 0.023622113659833046
val/loss_log_amount: 0.8244819939136505
val/loss_log_amount-std: 0.0022905604890307227
val/loss_timestamps: 0.5707252621650696
val/loss_timestamps-std: 0.0008727317888899908
