date: '2026-03-14 18:04:42'
num_seeds: 2
test/accuracy-target: 0.6279999911785126
test/accuracy-target-std: 0.009666651487350464
test/downstream-accuracy: 0.6418333351612091
test/downstream-accuracy-std: 0.004833310842514038
test/loss: 4.703079462051392
test/loss-std: 0.0043370723724365234
test/loss_1_batch-accuracy-target: 0.6379999816417694
test/loss_1_batch-accuracy-target-std: 0.015333324670791626
test/loss_1_nans-target: 0.0
test/loss_1_nans-target-std: 0.0
test/loss_loss_0_labels: 2.3158618211746216
test/loss_loss_0_labels-std: 0.007528901100158691
test/loss_loss_0_log_amount: 0.8314323425292969
test/loss_loss_0_log_amount-std: 0.0013098716735839844
test/loss_loss_0_timestamps: 0.5700803399085999
test/loss_loss_0_timestamps-std: 0.0004025697708129883
test/loss_loss_1_target: 0.9857050180435181
test/loss_loss_1_target-std: 0.01357799768447876
test/macro-auc-target: 0.8616485893726349
test/macro-auc-target-std: 0.0015926659107208252
val/accuracy-target: 0.6178723275661469
val/accuracy-target-std: 0.013617008924484253
val/downstream-accuracy: 0.6376595795154572
val/downstream-accuracy-std: 0.0031915009021759033
val/loss: 4.743842601776123
val/loss-std: 0.011153697967529297
val/loss_1_batch-accuracy-target: 0.6267006993293762
val/loss_1_batch-accuracy-target-std: 0.020408153533935547
val/loss_1_nans-target: 0.0
val/loss_1_nans-target-std: 0.0
val/loss_loss_0_labels: 2.3258742094039917
val/loss_loss_0_labels-std: 0.0077277421951293945
val/loss_loss_0_log_amount: 0.8301438391208649
val/loss_loss_0_log_amount-std: 0.0012905299663543701
val/loss_loss_0_timestamps: 0.5737474262714386
val/loss_loss_0_timestamps-std: 0.0003361999988555908
val/loss_loss_1_target: 1.0140774846076965
val/loss_loss_1_target-std: 0.020507991313934326
val/macro-auc-target: 0.859687328338623
val/macro-auc-target-std: 0.004877448081970215
