date: '2026-03-15 04:54:52'
num_seeds: 5
test/accuracy-target: 0.6058000087738037
test/accuracy-target-std: 0.024583284147316548
test/batch-accuracy-target: 0.6149333357810974
test/batch-accuracy-target-std: 0.024149904355080604
test/downstream-accuracy: 0.615666675567627
test/downstream-accuracy-std: 0.010432841778114531
test/loss: 0.8716201901435852
test/loss-std: 0.03859848315342888
test/loss_target: 0.8716201901435852
test/loss_target-std: 0.03859848315342888
test/macro-auc-target: 0.8529278635978699
test/macro-auc-target-std: 0.008438295605756638
val/accuracy-target: 0.608170211315155
val/accuracy-target-std: 0.01868739672267472
val/batch-accuracy-target: 0.6102040767669678
val/batch-accuracy-target-std: 0.018099265307303318
val/downstream-accuracy: 0.6208510637283325
val/downstream-accuracy-std: 0.0064366478163652785
val/loss: 0.9059446573257446
val/loss-std: 0.02773994960069481
val/loss_target: 0.9059446573257446
val/loss_target-std: 0.02773994960069481
val/macro-auc-target: 0.8540929198265076
val/macro-auc-target-std: 0.007080823362980206
