date: '2026-03-14 16:56:08'
num_seeds: 2
test/accuracy-target: 0.6110000014305115
test/accuracy-target-std: 0.009333312511444092
test/downstream-accuracy: 0.6193333268165588
test/downstream-accuracy-std: 0.009666681289672852
test/loss: 4.687775373458862
test/loss-std: 0.053611040115356445
test/loss_1_batch-accuracy-target: 0.6229999959468842
test/loss_1_batch-accuracy-target-std: 0.011666685342788696
test/loss_1_nans-target: 0.0
test/loss_1_nans-target-std: 0.0
test/loss_loss_0_labels: 2.288254976272583
test/loss_loss_0_labels-std: 0.02916264533996582
test/loss_loss_0_log_amount: 0.8241693675518036
test/loss_loss_0_log_amount-std: 0.0022726356983184814
test/loss_loss_0_timestamps: 0.566170334815979
test/loss_loss_0_timestamps-std: 0.0007798671722412109
test/loss_loss_1_target: 1.0091810822486877
test/loss_loss_1_target-std: 0.021395742893218994
test/macro-auc-target: 0.8490656614303589
test/macro-auc-target-std: 0.006735503673553467
val/accuracy-target: 0.6076595783233643
val/accuracy-target-std: 0.011063814163208008
val/downstream-accuracy: 0.6306383013725281
val/downstream-accuracy-std: 0.00851064920425415
val/loss: 4.7316906452178955
val/loss-std: 0.056113481521606445
val/loss_1_batch-accuracy-target: 0.6092686951160431
val/loss_1_batch-accuracy-target-std: 0.006377547979354858
val/loss_1_nans-target: 0.0
val/loss_1_nans-target-std: 0.0
val/loss_loss_0_labels: 2.2963544130325317
val/loss_loss_0_labels-std: 0.029204249382019043
val/loss_loss_0_log_amount: 0.8229701519012451
val/loss_loss_0_log_amount-std: 0.002240419387817383
val/loss_loss_0_timestamps: 0.5699361264705658
val/loss_loss_0_timestamps-std: 0.0007260739803314209
val/loss_loss_1_target: 1.0424299836158752
val/loss_loss_1_target-std: 0.023942410945892334
val/macro-auc-target: 0.851287305355072
val/macro-auc-target-std: 0.007930219173431396
