date: '2025-01-20 13:14:46'
test/accuracy-target: 0.6383333206176758
test/batch-accuracy-target: 0.6383333206176758
test/downstream: 0.641
test/downstream-std: 0.003
test/loss: 0.8140397071838379
test/loss_target: 0.8140397071838379
val/accuracy-target: 0.643478274345398
val/batch-accuracy-target: 0.643478274345398
val/downstream: 0.681
val/downstream-std: 0.005
val/loss: 0.8259989619255066
val/loss_target: 0.8259989619255066
