date: '2025-01-20 15:52:32'
test/accuracy-target: 0.6306666731834412
test/batch-accuracy-target: 0.6306666731834412
test/downstream: 0.645
test/downstream-std: 0.002
test/loss: 0.8120234608650208
test/loss_target: 0.8120234608650208
val/accuracy-target: 0.647826075553894
val/batch-accuracy-target: 0.647826075553894
val/downstream: 0.66
val/downstream-std: 0.002
val/loss: 0.8052432537078857
val/loss_target: 0.8052432537078857
