date: '2025-01-16 16:43:17'
test/downstream: 0.637
test/downstream-std: 0.003
test/loss: 3.637044906616211
test/loss_labels: 2.251082420349121
test/loss_log_amount: 0.8206030130386353
test/loss_timestamps: 0.5653595328330994
val/downstream: 0.633
val/downstream-std: 0.003
val/loss: 3.6127192974090576
val/loss_labels: 2.2331032752990723
val/loss_log_amount: 0.8160725831985474
val/loss_timestamps: 0.5635438561439514
