date: '2025-01-16 13:09:33'
test/downstream: 0.634
test/downstream-std: 0.003
test/loss: 3.637483835220337
test/loss_labels: 2.2529714107513428
test/loss_log_amount: 0.8208627104759216
test/loss_timestamps: 0.5636494755744934
val/downstream: 0.63
val/downstream-std: 0.005
val/loss: 3.6133780479431152
val/loss_labels: 2.23520565032959
val/loss_log_amount: 0.816308319568634
val/loss_timestamps: 0.5618636012077332
