date: '2025-01-14 10:21:04'
test/downstream: 0.601
test/downstream-std: 0.002
test/loss: 2.8307909965515137
test/loss_labels: 2.2637293338775635
test/loss_timestamps: 0.5670620799064636
val/downstream: 0.606
val/downstream-std: 0.006
val/loss: 2.8109915256500244
val/loss_labels: 2.2459561824798584
val/loss_timestamps: 0.5650352835655212
