date: '2025-01-22 19:57:30'
test/accuracy-target: 0.6206666827201843
test/batch-accuracy-target: 0.6206666827201843
test/downstream: 0.621
test/downstream-std: 0.004
test/loss: 0.8553769588470459
test/loss_target: 0.8553769588470459
val/accuracy-target: 0.6340579986572266
val/batch-accuracy-target: 0.6340579986572266
val/downstream: 0.693
val/downstream-std: 0.005
val/loss: 0.8447628021240234
val/loss_target: 0.8447628021240234
