date: '2025-05-14 12:48:59'
test/downstream: 0.7900000214576721
test/loss: 79.07051849365234
test/loss_coles: 79.07051849365234
val/downstream: 0.7950000166893005
val/loss: 77.6649169921875
val/loss_coles: 77.6649169921875
