date: '2025-05-14 11:21:49'
test/downstream: 0.753000020980835
test/loss: 97.06665802001953
test/loss_coles: 97.06665802001953
val/downstream: 0.7689999938011169
val/loss: 96.81230926513672
val/loss_coles: 96.81230926513672
