date: '2025-05-19 15:37:42'
test/accuracy-target: 0.7730000019073486
test/batch-accuracy-target: 0.7730000019073486
test/downstream: 0.7839999794960022
test/loss: 0.7432287335395813
test/loss_target: 0.7432287335395813
val/accuracy-target: 0.7870000004768372
val/batch-accuracy-target: 0.7870000004768372
val/downstream: 0.7889999747276306
val/loss: 0.6960778832435608
val/loss_target: 0.6960778832435608
