date: '2025-05-14 11:10:13'
test/downstream: 0.7519999742507935
test/loss: 95.48333740234375
test/loss_coles: 95.48333740234375
val/downstream: 0.7609999775886536
val/loss: 95.29039001464844
val/loss_coles: 95.29039001464844
