date: '2025-05-15 10:21:53'
test/downstream: 0.7630000114440918
test/loss: 1.348130464553833
test/loss_labels: 0.9138080477714539
test/loss_timedeltas: 0.43432238698005676
val/downstream: 0.781000018119812
val/loss: 1.324042558670044
val/loss_labels: 0.8902589082717896
val/loss_timedeltas: 0.4337836802005768
