date: '2025-05-15 10:52:38'
test/accuracy-target: 0.8140000104904175
test/batch-accuracy-target: 0.8140000104904175
test/downstream: 0.8059999942779541
test/loss: 0.5013854503631592
test/loss_target: 0.5013854503631592
val/accuracy-target: 0.8399999737739563
val/batch-accuracy-target: 0.8399999737739563
val/downstream: 0.8220000267028809
val/loss: 0.4377973973751068
val/loss_target: 0.4377973973751068
