date: '2025-05-15 10:26:52'
test/downstream: 0.7670000195503235
test/loss: 1.3618886470794678
test/loss_labels: 0.9224574565887451
test/loss_timedeltas: 0.4394311308860779
val/downstream: 0.781000018119812
val/loss: 1.3377296924591064
val/loss_labels: 0.9017077684402466
val/loss_timedeltas: 0.436022013425827
