date: '2025-05-19 14:40:25'
test/downstream: 0.7850000262260437
test/loss: 1.2737265825271606
test/loss_labels: 0.9797295928001404
test/loss_timestamps: 0.2939969599246979
val/downstream: 0.7960000038146973
val/loss: 1.2582714557647705
val/loss_labels: 0.9617847204208374
val/loss_timestamps: 0.29648682475090027
