date: '2025-06-02 18:22:57'
test/downstream: 0.7940000295639038
test/loss: 1.2746450901031494
test/loss_labels: 0.9805622696876526
test/loss_timestamps: 0.2940828204154968
val/downstream: 0.8029999732971191
val/loss: 1.2587804794311523
val/loss_labels: 0.9622647166252136
val/loss_timestamps: 0.29651570320129395
