date: '2025-06-02 14:02:05'
test/downstream: 0.7799999713897705
test/loss: 1.278899908065796
test/loss_labels: 0.9839563965797424
test/loss_timestamps: 0.29494357109069824
val/downstream: 0.800000011920929
val/loss: 1.2641055583953857
val/loss_labels: 0.9667964577674866
val/loss_timestamps: 0.29730913043022156
