date: '2025-09-09 11:04:08'
test/cls_batch-accuracy-target: 0.7379999756813049
test/downstream: 0.7781999707221985
test/loss: 2.5927114486694336
test/loss_cls_target: 1.3115503787994385
test/loss_next_item_labels: 0.9863772392272949
test/loss_next_item_timestamps: 0.2947841286659241
val/cls_batch-accuracy-target: 0.7519999742507935
val/downstream: 0.8185999989509583
val/loss: 2.542440414428711
val/loss_cls_target: 1.2778139114379883
val/loss_next_item_labels: 0.9675545692443848
val/loss_next_item_timestamps: 0.2970719039440155
