date: '2025-04-30 12:58:00'
test/accuracy-target: 0.7940000295639038
test/batch-accuracy-target: 0.7940000295639038
test/downstream: 0.7929999828338623
test/loss: 0.5315489768981934
test/loss_target: 0.5315489768981934
val/accuracy-target: 0.8180000185966492
val/batch-accuracy-target: 0.8180000185966492
val/downstream: 0.8090000152587891
val/loss: 0.46766164898872375
val/loss_target: 0.46766164898872375
