date: '2025-05-14 12:55:46'
test/accuracy-target: 0.7950000166893005
test/batch-accuracy-target: 0.7950000166893005
test/downstream: 0.796999990940094
test/loss: 0.5292924046516418
test/loss_target: 0.5292924046516418
val/accuracy-target: 0.8119999766349792
val/batch-accuracy-target: 0.8119999766349792
val/downstream: 0.8040000200271606
val/loss: 0.4772110879421234
val/loss_target: 0.4772110879421234
