date: '2025-04-30 11:55:59'
test/accuracy-target: 0.7950000166893005
test/batch-accuracy-target: 0.7950000166893005
test/downstream: 0.7929999828338623
test/loss: 0.529985249042511
test/loss_target: 0.529985249042511
val/accuracy-target: 0.8090000152587891
val/batch-accuracy-target: 0.8090000152587891
val/downstream: 0.8009999990463257
val/loss: 0.4762682020664215
val/loss_target: 0.4762682020664215
