date: '2025-04-30 13:04:32'
test/accuracy-target: 0.7799999713897705
test/batch-accuracy-target: 0.7799999713897705
test/downstream: 0.7910000085830688
test/loss: 0.5562423467636108
test/loss_target: 0.5562423467636108
val/accuracy-target: 0.8140000104904175
val/batch-accuracy-target: 0.8140000104904175
val/downstream: 0.8100000023841858
val/loss: 0.474717915058136
val/loss_target: 0.474717915058136
