date: '2025-04-30 12:44:24'
test/accuracy-target: 0.7940000295639038
test/batch-accuracy-target: 0.7940000295639038
test/downstream: 0.765999972820282
test/loss: 0.5315872430801392
test/loss_target: 0.5315872430801392
val/accuracy-target: 0.8190000057220459
val/batch-accuracy-target: 0.8190000057220459
val/downstream: 0.7979999780654907
val/loss: 0.46767523884773254
val/loss_target: 0.46767523884773254
