date: '2025-07-29 09:04:52'
num_seeds: 3
test/accuracy-target: 0.8555101752281189
test/accuracy-target-std: 0.0035150588648243815
test/batch-accuracy-target: 0.8555101752281189
test/batch-accuracy-target-std: 0.0035150588648243815
test/downstream: 0.9300000071525574
test/downstream-std: 0.000816486068858174
test/loss: 0.3273596664269765
test/loss-std: 0.002077854293927145
test/loss_target: 0.3273596664269765
test/loss_target-std: 0.002077854293927145
val/accuracy-target: 0.8555101752281189
val/accuracy-target-std: 0.0035150588648243815
val/batch-accuracy-target: 0.8555101752281189
val/batch-accuracy-target-std: 0.0035150588648243815
val/downstream: 0.953333338101705
val/downstream-std: 0.005312439373430718
val/loss: 0.3273596664269765
val/loss-std: 0.002077854293927145
val/loss_target: 0.3273596664269765
val/loss_target-std: 0.002077854293927145
