date: '2025-07-25 06:40:06'
num_seeds: 3
test/downstream: 0.9190000096956888
test/downstream-std: 0.000816510402473371
test/loss: 1.073486566543579
test/loss-std: 0.004232677119490925
test/loss_labels: 0.8479535579681396
test/loss_labels-std: 0.0038959265652684827
test/loss_timestamps: 0.15730216105779013
test/loss_timestamps-std: 0.00011990554723032775
test/loss_types: 0.06823075811068217
test/loss_types-std: 0.0002329394657879378
val/downstream: 0.925000011920929
val/downstream-std: 0.000816486068858174
val/loss: 1.0734943946202595
val/loss-std: 0.004229787052752092
val/loss_labels: 0.8479535579681396
val/loss_labels-std: 0.0038959265652684827
val/loss_timestamps: 0.1573100338379542
val/loss_timestamps-std: 0.00011714122710448853
val/loss_types: 0.06823075811068217
val/loss_types-std: 0.0002329394657879378
