date: '2025-07-24 23:23:41'
num_seeds: 3
test/downstream: 0.9190000096956888
test/downstream-std: 0.000816510402473371
test/loss: 1.0701829592386882
test/loss-std: 0.000301181813286532
test/loss_labels: 0.8448546131451925
test/loss_labels-std: 0.0001744636018857709
test/loss_timestamps: 0.15726891160011292
test/loss_timestamps-std: 2.857074521346543e-05
test/loss_types: 0.06805963565905888
test/loss_types-std: 0.0001027611169518542
val/downstream: 0.9259999990463257
val/downstream-std: 0.0
val/loss: 1.0701835950215657
val/loss-std: 0.00029547090090306356
val/loss_labels: 0.8448546131451925
val/loss_labels-std: 0.0001744636018857709
val/loss_timestamps: 0.15726928412914276
val/loss_timestamps-std: 2.2567682770559365e-05
val/loss_types: 0.06805963565905888
val/loss_types-std: 0.0001027611169518542
