date: '2025-07-24 16:43:39'
num_seeds: 3
test/downstream: 0.9206666747728983
test/downstream-std: 0.0004713984516448461
test/loss: 1.0694329738616943
test/loss-std: 0.00013546522516187193
test/loss_labels: 0.8442854682604471
test/loss_labels-std: 0.0002222852351878347
test/loss_timestamps: 0.15721731384595236
test/loss_timestamps-std: 5.5628255207941995e-05
test/loss_types: 0.06793016940355301
test/loss_types-std: 4.299113526095267e-05
val/downstream: 0.9259999990463257
val/downstream-std: 0.000816486068858174
val/loss: 1.069439172744751
val/loss-std: 0.0001278139669620161
val/loss_labels: 0.8442854682604471
val/loss_labels-std: 0.0002222852351878347
val/loss_timestamps: 0.1572236865758896
val/loss_timestamps-std: 6.991621973873735e-05
val/loss_types: 0.06793016940355301
val/loss_types-std: 4.299113526095267e-05
