date: '2025-07-25 08:37:45'
num_seeds: 3
test/downstream: 0.9199999968210856
test/downstream-std: 0.0014142234528335457
test/loss: 1.0701165199279785
test/loss-std: 0.001009681941460794
test/loss_labels: 0.8450479904810587
test/loss_labels-std: 0.0008502226344887661
test/loss_timestamps: 0.15720987816651663
test/loss_timestamps-std: 3.2362134839516546e-05
test/loss_types: 0.06785880029201508
test/loss_types-std: 0.0001416395168748246
val/downstream: 0.9256666700045267
val/downstream-std: 0.0009427969032896923
val/loss: 1.0701136986414592
val/loss-std: 0.0010090161504419796
val/loss_labels: 0.8450479904810587
val/loss_labels-std: 0.0008502226344887661
val/loss_timestamps: 0.15720715622107187
val/loss_timestamps-std: 3.38567900077637e-05
val/loss_types: 0.06785880029201508
val/loss_types-std: 0.0001416395168748246
