date: '2025-07-25 05:29:52'
num_seeds: 3
test/downstream: 0.918666660785675
test/downstream-std: 0.0009428250011886995
test/loss: 1.0733813842137654
test/loss-std: 0.002794840864795709
test/loss_labels: 0.847820520401001
test/loss_labels-std: 0.0023708275188792038
test/loss_timestamps: 0.15728109081586203
test/loss_timestamps-std: 0.00011503246202446677
test/loss_types: 0.06827981273333232
test/loss_types-std: 0.0003319924965670661
val/downstream: 0.925000011920929
val/downstream-std: 0.000816486068858174
val/loss: 1.0733842452367146
val/loss-std: 0.002796284737550331
val/loss_labels: 0.847820520401001
val/loss_labels-std: 0.0023708275188792038
val/loss_timestamps: 0.15728356937567392
val/loss_timestamps-std: 0.00011561351054703883
val/loss_types: 0.06827981273333232
val/loss_types-std: 0.0003319924965670661
