date: '2025-07-29 09:07:48'
num_seeds: 3
test/accuracy-target: 0.8559759457906088
test/accuracy-target-std: 0.0025570491946436723
test/batch-accuracy-target: 0.8559759457906088
test/batch-accuracy-target-std: 0.0025570491946436723
test/downstream: 0.9296666781107584
test/downstream-std: 0.00047139845164484613
test/loss: 0.3279667894045512
test/loss-std: 0.0030110785606667547
test/loss_target: 0.3279667894045512
test/loss_target-std: 0.0030110785606667547
val/accuracy-target: 0.8559759457906088
val/accuracy-target-std: 0.0025570491946436723
val/batch-accuracy-target: 0.8559759457906088
val/batch-accuracy-target-std: 0.0025570491946436723
val/downstream: 0.953000009059906
val/downstream-std: 0.004320484160306154
val/loss: 0.3279667894045512
val/loss-std: 0.0030110785606667547
val/loss_target: 0.3279667894045512
val/loss_target-std: 0.0030110785606667547
