date: '2025-07-29 09:03:16'
num_seeds: 3
test/accuracy-target: 0.8585554758707682
test/accuracy-target-std: 0.004270468953263415
test/batch-accuracy-target: 0.8585554758707682
test/batch-accuracy-target-std: 0.004270468953263415
test/downstream: 0.9293333292007446
test/downstream-std: 0.0012472243116239943
test/loss: 0.3256246745586395
test/loss-std: 0.009747085563419435
test/loss_target: 0.3256246745586395
test/loss_target-std: 0.009747085563419435
val/accuracy-target: 0.8585554758707682
val/accuracy-target-std: 0.004270468953263415
val/batch-accuracy-target: 0.8585554758707682
val/batch-accuracy-target-std: 0.004270468953263415
val/downstream: 0.9496666590372721
val/downstream-std: 0.005312439373430718
val/loss: 0.3256246745586395
val/loss-std: 0.009747085563419435
val/loss_target: 0.3256246745586395
val/loss_target-std: 0.009747085563419435
