date: '2025-07-28 16:09:34'
num_seeds: 3
test/accuracy-target: 0.8573373556137085
test/accuracy-target-std: 0.0014693234327867878
test/batch-accuracy-target: 0.8573373556137085
test/batch-accuracy-target-std: 0.0014693234327867878
test/downstream: 0.9296666781107584
test/downstream-std: 0.0004713984516448461
test/loss: 0.329915593067805
test/loss-std: 0.0035692009376315933
test/loss_target: 0.329915593067805
test/loss_target-std: 0.0035692009376315933
val/accuracy-target: 0.8573373556137085
val/accuracy-target-std: 0.0014693234327867878
val/batch-accuracy-target: 0.8573373556137085
val/batch-accuracy-target-std: 0.0014693234327867878
val/downstream: 0.9546666741371155
val/downstream-std: 0.006018486269468349
val/loss: 0.329915593067805
val/loss-std: 0.0035692009376315933
val/loss_target: 0.329915593067805
val/loss_target-std: 0.0035692009376315933
