date: '2025-07-29 09:04:47'
num_seeds: 3
test/accuracy-target: 0.860167662302653
test/accuracy-target-std: 0.0008643246586934316
test/batch-accuracy-target: 0.860167662302653
test/batch-accuracy-target-std: 0.0008643246586934316
test/downstream: 0.9296666781107584
test/downstream-std: 0.00047139845164484613
test/loss: 0.325119952360789
test/loss-std: 0.0025082628267052817
test/loss_target: 0.325119952360789
test/loss_target-std: 0.0025082628267052817
val/accuracy-target: 0.860167662302653
val/accuracy-target-std: 0.0008643246586934316
val/batch-accuracy-target: 0.860167662302653
val/batch-accuracy-target-std: 0.0008643246586934316
val/downstream: 0.956333339214325
val/downstream-std: 0.0016996785639358859
val/loss: 0.325119952360789
val/loss-std: 0.0025082628267052817
val/loss_target: 0.325119952360789
val/loss_target-std: 0.0025082628267052817
