date: '2025-07-24 16:14:42'
num_seeds: 3
test/downstream: 0.9136666655540466
test/downstream-std: 0.0009428250011886995
test/loss: 1.0697654088338215
test/loss-std: 0.0016292819225992735
test/loss_labels: 0.8445724844932556
test/loss_labels-std: 0.0015054512491991406
test/loss_timestamps: 0.15728311240673065
test/loss_timestamps-std: 0.00012825466979497316
test/loss_types: 0.06790989389022191
test/loss_types-std: 1.9227814968368707e-05
val/downstream: 0.9200000166893005
val/downstream-std: 0.0014141953549345384
val/loss: 1.0697729190190632
val/loss-std: 0.0016312889517217735
val/loss_labels: 0.8445724844932556
val/loss_labels-std: 0.0015054512491991406
val/loss_timestamps: 0.1572902947664261
val/loss_timestamps-std: 0.00012894148681276825
val/loss_types: 0.06790989389022191
val/loss_types-std: 1.9227814968368707e-05
