date: '2025-05-14 12:33:37'
test/downstream: 0.6800000071525574
test/loss: 49.33576965332031
test/loss_coles: 49.33576965332031
val/downstream: 0.6919999718666077
val/loss: 47.86990737915039
val/loss_coles: 47.86990737915039
