date: '2025-05-14 12:28:00'
test/downstream: 0.6549999713897705
test/loss: 59.45936584472656
test/loss_coles: 59.45936584472656
val/downstream: 0.652999997138977
val/loss: 59.08892059326172
val/loss_coles: 59.08892059326172
