date: '2025-05-14 12:20:34'
test/downstream: 0.6320000290870667
test/loss: 61.11788558959961
test/loss_coles: 61.11788558959961
val/downstream: 0.6470000147819519
val/loss: 59.691001892089844
val/loss_coles: 59.691001892089844
