date: '2025-07-29 00:30:07'
num_seeds: 3
test/accuracy-target: 0.6450000206629435
test/accuracy-target-std: 0.004996301293150382
test/batch-accuracy-target: 0.6450000206629435
test/batch-accuracy-target-std: 0.004996301293150382
test/downstream: 0.6426666577657064
test/downstream-std: 0.0012472296215260575
test/loss: 0.8237735430399576
test/loss-std: 0.0324899094863168
test/loss_target: 0.8237735430399576
test/loss_target-std: 0.0324899094863168
val/accuracy-target: 0.6440493663152059
val/accuracy-target-std: 0.002479969477604476
val/batch-accuracy-target: 0.6440493663152059
val/batch-accuracy-target-std: 0.002479969477604476
val/downstream: 0.6426666577657064
val/downstream-std: 0.0020548039972922458
val/loss: 0.8131382862726847
val/loss-std: 0.02654217457790571
val/loss_target: 0.8131382862726847
val/loss_target-std: 0.02654217457790571
