date: '2025-07-25 00:57:44'
num_seeds: 3
test/downstream: 0.5976666609446207
test/downstream-std: 0.0012472030714731697
test/loss: 3.608834664026896
test/loss-std: 0.002227314399443051
test/loss_labels: 2.228142340977987
test/loss_labels-std: 0.001954654305562849
test/loss_log_amount: 0.8171557188034058
test/loss_log_amount-std: 0.00018090417850525627
test/loss_timestamps: 0.56353626648585
test/loss_timestamps-std: 0.00013032966257652307
val/downstream: 0.5959999958674113
val/downstream-std: 0.0043204933574862
val/loss: 3.6013105710347495
val/loss-std: 0.0020861865662904896
val/loss_labels: 2.221144199371338
val/loss_labels-std: 0.0019097704512610464
val/loss_log_amount: 0.8168770869572958
val/loss_log_amount-std: 6.107240425480814e-05
val/loss_timestamps: 0.5632882912953695
val/loss_timestamps-std: 0.00014333194364573646
