date: '2025-07-29 09:15:58'
num_seeds: 3
test/accuracy-target: 0.6429999868075053
test/accuracy-target-std: 0.008640977517751565
test/batch-accuracy-target: 0.6429999868075053
test/batch-accuracy-target-std: 0.008640977517751565
test/downstream: 0.6430000066757202
test/downstream-std: 0.0037416570044649716
test/loss: 0.8172880609830221
test/loss-std: 0.006505280753125616
test/loss_target: 0.8172880609830221
test/loss_target-std: 0.006505280753125616
val/accuracy-target: 0.6399012207984924
val/accuracy-target-std: 0.0030176053492224656
val/batch-accuracy-target: 0.6399012207984924
val/batch-accuracy-target-std: 0.0030176053492224656
val/downstream: 0.640999992688497
val/downstream-std: 0.0016329964712711142
val/loss: 0.8122563560803732
val/loss-std: 0.006822747533829132
val/loss_target: 0.8122563560803732
val/loss_target-std: 0.006822747533829132
