date: '2026-01-02 16:04:15'
test/downstream: 0.3346000015735626
test/loss: 98.74103546142578
test/loss_coles: 98.74103546142578
val/downstream: 0.33730000257492065
val/loss: 97.01924896240234
val/loss_coles: 97.01924896240234
