date: '2026-01-02 15:50:42'
test/downstream: 0.5523999929428101
test/loss: 116.6815185546875
test/loss_coles: 116.6815185546875
val/downstream: 0.5552999973297119
val/loss: 114.62992095947266
val/loss_coles: 114.62992095947266
