date: '2025-07-23 18:05:20'
test/downstream: 0.3330000042915344
test/loss: 84.91754913330078
test/loss_coles: 84.91754913330078
val/downstream: 0.3449999988079071
val/loss: 82.97587585449219
val/loss_coles: 82.97587585449219
