date: '2025-07-23 17:46:29'
test/downstream: 0.4020000100135803
test/loss: 1.0625088214874268
test/loss_labels: 1.0064336061477661
test/loss_timestamps: 0.05607519671320915
val/downstream: 0.42100000381469727
val/loss: 1.059316873550415
val/loss_labels: 1.0040507316589355
val/loss_timestamps: 0.05526619777083397
