date: '2025-07-30 12:22:37'
test/downstream: 0.5347999930381775
test/loss: 1.0652210712432861
test/loss_labels: 1.0050067901611328
test/loss_timestamps: 0.06021435931324959
val/downstream: 0.5569999814033508
val/loss: 1.061976671218872
val/loss_labels: 1.0027742385864258
val/loss_timestamps: 0.05920226871967316
