date: '2025-07-29 09:55:48'
num_seeds: 3
test/accuracy-target: 0.9569023648897806
test/accuracy-target-std: 0.0012598143305209903
test/batch-accuracy-target: 0.9569023648897806
test/batch-accuracy-target-std: 0.0012598143305209903
test/downstream: 0.8722666700681051
test/downstream-std: 0.014924767364493326
test/loss: 0.15081190566221872
test/loss-std: 0.006695261956090028
test/loss_target: 0.15081190566221872
test/loss_target-std: 0.006695261956090028
val/accuracy-target: 0.9501683513323466
val/accuracy-target-std: 0.003333169465534551
val/batch-accuracy-target: 0.9501683513323466
val/batch-accuracy-target-std: 0.003333169465534551
val/downstream: 0.8285666704177856
val/downstream-std: 0.005948840740390543
val/loss: 0.1621985783179601
val/loss-std: 0.005936542417954815
val/loss_target: 0.1621985783179601
val/loss_target-std: 0.005936542417954815
