date: '2025-07-24 20:00:20'
num_seeds: 3
test/downstream: 0.8330666621526083
test/downstream-std: 0.00832840731776355
test/loss: 2.5391252835591636
test/loss-std: 0.010202248463415305
test/loss_labels: 2.163301467895508
test/loss_labels-std: 0.008663119880093335
test/loss_timestamps: 0.14425902565320334
test/loss_timestamps-std: 7.786149021884893e-05
test/loss_types: 0.2315648545821508
test/loss_types-std: 0.001471314258136793
val/downstream: 0.8488333423932394
val/downstream-std: 0.0025196940547993416
val/loss: 2.499335845311483
val/loss-std: 0.01109889426794027
val/loss_labels: 2.129767417907715
val/loss_labels-std: 0.009552922287578428
val/loss_timestamps: 0.14443998535474142
val/loss_timestamps-std: 6.174170744316842e-05
val/loss_types: 0.2251285215218862
val/loss_types-std: 0.0014846022453521165
