date: '2025-07-29 09:57:21'
num_seeds: 3
test/accuracy-target: 0.9548821647961935
test/accuracy-target-std: 0.002651175209657538
test/batch-accuracy-target: 0.9548821647961935
test/batch-accuracy-target-std: 0.002651175209657538
test/downstream: 0.8667333324750265
test/downstream-std: 0.00805493462026813
test/loss: 0.1712198555469513
test/loss-std: 0.023879912947001116
test/loss_target: 0.1712198555469513
test/loss_target-std: 0.023879912947001116
val/accuracy-target: 0.9505050579706827
val/accuracy-target-std: 0.002973658520754812
val/batch-accuracy-target: 0.9505050579706827
val/batch-accuracy-target-std: 0.002973658520754812
val/downstream: 0.834333340326945
val/downstream-std: 0.010084415770408955
val/loss: 0.18888082106908163
val/loss-std: 0.01937328794736166
val/loss_target: 0.18888082106908163
val/loss_target-std: 0.01937328794736166
