date: '2025-07-25 06:40:01'
num_seeds: 3
test/downstream: 0.8376333316167196
test/downstream-std: 0.003363857307665555
test/loss: 2.534493366877238
test/loss-std: 0.006807102894411222
test/loss_labels: 2.15829070409139
test/loss_labels-std: 0.005408654334499792
test/loss_timestamps: 0.1443216154972712
test/loss_timestamps-std: 0.00014642708791112665
test/loss_types: 0.2318813055753708
test/loss_types-std: 0.0013459427711717189
val/downstream: 0.8417333364486694
val/downstream-std: 0.004053245536515059
val/loss: 2.493438243865967
val/loss-std: 0.007853136768476758
val/loss_labels: 2.1235524813334146
val/loss_labels-std: 0.006489403432633637
val/loss_timestamps: 0.14450727899869284
val/loss_timestamps-std: 0.0001392801486975805
val/loss_types: 0.22537841896216074
val/loss_types-std: 0.001293737304168096
