date: '2025-07-24 13:17:06'
num_seeds: 3
test/downstream: 0.840833326180776
test/downstream-std: 0.0027084264979913724
test/loss: 2.577467679977417
test/loss-std: 0.02615090648644211
test/loss_labels: 2.1982019742329917
test/loss_labels-std: 0.02457499122961418
test/loss_timestamps: 0.14461960891882578
test/loss_timestamps-std: 0.00020686624183926196
test/loss_types: 0.2346463402112325
test/loss_types-std: 0.0013749323176361244
val/downstream: 0.8491999904314677
val/downstream-std: 0.0021276077217305235
val/loss: 2.5367992719014487
val/loss-std: 0.024506837294226508
val/loss_labels: 2.163602034250895
val/loss_labels-std: 0.023066032142491522
val/loss_timestamps: 0.14481543004512787
val/loss_timestamps-std: 0.00022173401557430285
val/loss_types: 0.22838166852792105
val/loss_types-std: 0.001225187701832488
