date: '2025-07-24 21:40:07'
num_seeds: 3
test/downstream: 0.8396666646003723
test/downstream-std: 0.008439715809196897
test/loss: 2.5256600379943848
test/loss-std: 0.0077280414526174675
test/loss_labels: 2.1492627461751304
test/loss_labels-std: 0.006725649383564313
test/loss_timestamps: 0.14432090520858765
test/loss_timestamps-std: 9.998873251809182e-05
test/loss_types: 0.23207631707191467
test/loss_types-std: 0.0009343962118689127
val/downstream: 0.8487666646639506
val/downstream-std: 0.0018263346567287593
val/loss: 2.4872519969940186
val/loss-std: 0.007026910292452265
val/loss_labels: 2.1169756253560386
val/loss_labels-std: 0.005776100058297765
val/loss_timestamps: 0.14450938006242117
val/loss_timestamps-std: 0.00013434852353201896
val/loss_types: 0.2257668823003769
val/loss_types-std: 0.0011614077827608285
