date: '2025-07-24 20:20:17'
num_seeds: 3
test/downstream: 0.8310333490371704
test/downstream-std: 0.0167475943669687
test/loss: 2.5665458043416343
test/loss-std: 0.05530820828991974
test/loss_labels: 2.188374121983846
test/loss_labels-std: 0.052265774001989646
test/loss_timestamps: 0.14444067080815634
test/loss_timestamps-std: 0.00024433702969724636
test/loss_types: 0.23373056451479593
test/loss_types-std: 0.00297957419999301
val/downstream: 0.8445666631062826
val/downstream-std: 0.0005557686713509597
val/loss: 2.52541446685791
val/loss-std: 0.052786085224344054
val/loss_labels: 2.153478225072225
val/loss_labels-std: 0.049982073413233616
val/loss_timestamps: 0.14462748169898987
val/loss_timestamps-std: 0.00025143203213084296
val/loss_types: 0.2273089587688446
val/loss_types-std: 0.0026338756753687288
