date: '2025-07-25 08:20:46'
num_seeds: 3
test/downstream: 0.8486999869346619
test/downstream-std: 0.010221862786128763
test/loss: 2.5468339125315347
test/loss-std: 0.020317714488949822
test/loss_labels: 2.169275999069214
test/loss_labels-std: 0.018508161419079624
test/loss_timestamps: 0.14438761274019876
test/loss_timestamps-std: 0.00015878986190110783
test/loss_types: 0.23316984375317892
test/loss_types-std: 0.0018352153635469227
val/downstream: 0.8460333347320557
val/downstream-std: 0.004382032261026757
val/loss: 2.506423075993856
val/loss-std: 0.01959953766236905
val/loss_labels: 2.135063648223877
val/loss_labels-std: 0.01783636048258859
val/loss_timestamps: 0.14456345637639365
val/loss_timestamps-std: 0.00015315070896889017
val/loss_types: 0.22679567833741507
val/loss_types-std: 0.0018738118088095352
