date: '2025-07-24 15:13:50'
num_seeds: 3
test/downstream: 0.8457333445549011
test/downstream-std: 0.009654121895163832
test/loss: 2.5473267237345376
test/loss-std: 0.021508956123161806
test/loss_labels: 2.1691832542419434
test/loss_labels-std: 0.020105533678773817
test/loss_timestamps: 0.14457805454730988
test/loss_timestamps-std: 0.00021345922234723683
test/loss_types: 0.23356529573599497
test/loss_types-std: 0.0011899543168885597
val/downstream: 0.840999980767568
val/downstream-std: 0.0020215548042295333
val/loss: 2.5070579846700034
val/loss-std: 0.020343700210353196
val/loss_labels: 2.1349422931671143
val/loss_labels-std: 0.019058257473590794
val/loss_timestamps: 0.14472153782844543
val/loss_timestamps-std: 0.00021596359624126156
val/loss_types: 0.22739434242248535
val/loss_types-std: 0.0010705712130494587
