date: '2025-07-25 07:35:29'
num_seeds: 3
test/downstream: 0.8395999868710836
test/downstream-std: 0.007843454979865555
test/loss: 2.5681850910186768
test/loss-std: 0.05948108757351171
test/loss_labels: 2.1887044111887612
test/loss_labels-std: 0.05553421661247831
test/loss_timestamps: 0.14445969462394714
test/loss_timestamps-std: 0.00020017488963408145
test/loss_types: 0.23502106964588165
test/loss_types-std: 0.0037548076675696773
val/downstream: 0.8469000061353048
val/downstream-std: 0.0031968682362706977
val/loss: 2.5296236673990884
val/loss-std: 0.05899980281447989
val/loss_labels: 2.1563099225362143
val/loss_labels-std: 0.055374686092233366
val/loss_timestamps: 0.14466455082098642
val/loss_timestamps-std: 0.00018790498518529307
val/loss_types: 0.2286492884159088
val/loss_types-std: 0.003440717594538579
