date: '2026-01-02 23:19:39'
num_seeds: 3
test/downstream: 0.8778000076611837
test/downstream-std: 0.004988652412796069
test/loss: 9.453592936197916
test/loss-std: 0.08528279354173458
test/loss_currency: 0.0017131768399849534
test/loss_currency-std: 2.413535486943204e-06
test/loss_dst_type11: 1.192470669746399
test/loss_dst_type11-std: 0.016979419390957238
test/loss_dst_type12: 1.4142926931381226
test/loss_dst_type12-std: 0.017741668570464112
test/loss_event_subtype: 1.3396177291870117
test/loss_event_subtype-std: 0.018652553199197546
test/loss_labels: 1.3229825099309285
test/loss_labels-std: 0.01840137051462274
test/loss_log_amount: 1.907924214998881
test/loss_log_amount-std: 0.006435760702395171
test/loss_src_type11: 0.26664047439893085
test/loss_src_type11-std: 0.01083474821095805
test/loss_src_type12: 0.3155391812324524
test/loss_src_type12-std: 0.011494851420524995
test/loss_src_type21: 1.21560800075531
test/loss_src_type21-std: 0.025086212965468303
test/loss_src_type22: 0.0075053734083970385
test/loss_src_type22-std: 0.00020255883946399735
test/loss_src_type32: 0.01205508504062891
test/loss_src_type32-std: 0.00035087254149113135
test/loss_timestamps: 0.4572412669658661
test/loss_timestamps-std: 0.0005914153537069171
val/downstream: 0.8966333270072937
val/downstream-std: 0.000703973219420641
val/loss: 9.48366641998291
val/loss-std: 0.0851197806600418
val/loss_currency: 0.0020750525097052255
val/loss_currency-std: 4.2482587979969805e-05
val/loss_dst_type11: 1.192688266436259
val/loss_dst_type11-std: 0.016968255200348184
val/loss_dst_type12: 1.4103655417760212
val/loss_dst_type12-std: 0.017588620865896513
val/loss_event_subtype: 1.345655043919881
val/loss_event_subtype-std: 0.018195515019639112
val/loss_labels: 1.3266907533009846
val/loss_labels-std: 0.017569171595913168
val/loss_log_amount: 1.9093736410140991
val/loss_log_amount-std: 0.0067683108907533405
val/loss_src_type11: 0.2659931977589925
val/loss_src_type11-std: 0.011310703064839589
val/loss_src_type12: 0.31409018238385517
val/loss_src_type12-std: 0.01146684811673735
val/loss_src_type21: 1.2413393259048462
val/loss_src_type21-std: 0.031132910353232113
val/loss_src_type22: 0.010615335466961065
val/loss_src_type22-std: 0.003341676722584104
val/loss_src_type32: 0.009108273467669884
val/loss_src_type32-std: 0.0015161580214029424
val/loss_timestamps: 0.45567090312639874
val/loss_timestamps-std: 0.0007557709799899383
