date: '2026-01-03 08:12:01'
num_seeds: 3
test/downstream: 0.8704000115394592
test/downstream-std: 0.0015121806898580985
test/loss: 9.959595680236816
test/loss-std: 0.15550727722166996
test/loss_currency: 0.0018766821594908834
test/loss_currency-std: 7.417938969671814e-05
test/loss_dst_type11: 1.1608148018519084
test/loss_dst_type11-std: 0.0070746840137797355
test/loss_dst_type12: 1.3894695043563843
test/loss_dst_type12-std: 0.012311588215158136
test/loss_event_subtype: 1.3060428301493328
test/loss_event_subtype-std: 0.010488220202073668
test/loss_labels: 1.291409691174825
test/loss_labels-std: 0.01085880581519898
test/loss_log_amount: 1.8901997804641724
test/loss_log_amount-std: 0.004072185088700029
test/loss_src_type11: 0.2431177298227946
test/loss_src_type11-std: 0.0025754620859767285
test/loss_src_type12: 0.2963911493619283
test/loss_src_type12-std: 0.0059121357964915236
test/loss_src_type21: 1.9024603764216106
test/loss_src_type21-std: 0.09715500881525514
test/loss_src_type22: 0.006463674906020363
test/loss_src_type22-std: 0.002940155684538184
test/loss_src_type32: 0.014110171236097813
test/loss_src_type32-std: 0.003021112258261935
test/loss_timestamps: 0.4572381277879079
test/loss_timestamps-std: 0.006205942997202364
val/downstream: 0.8892333308855692
val/downstream-std: 0.002517065431816138
val/loss: 10.046849886576334
val/loss-std: 0.173309634673538
val/loss_currency: 0.0021993739840885005
val/loss_currency-std: 0.00010129462555140635
val/loss_dst_type11: 1.1635016600290935
val/loss_dst_type11-std: 0.0073359395582528655
val/loss_dst_type12: 1.387111743291219
val/loss_dst_type12-std: 0.012904324228212789
val/loss_event_subtype: 1.3152163823445637
val/loss_event_subtype-std: 0.011528361007572194
val/loss_labels: 1.298311750094096
val/loss_labels-std: 0.011859961532190164
val/loss_log_amount: 1.8916683197021484
val/loss_log_amount-std: 0.004043987161923887
val/loss_src_type11: 0.24392321705818176
val/loss_src_type11-std: 0.002936074712010856
val/loss_src_type12: 0.29671527942021686
val/loss_src_type12-std: 0.00536166450611171
val/loss_src_type21: 1.9731702009836833
val/loss_src_type21-std: 0.11410125421852131
val/loss_src_type22: 0.007713648645828168
val/loss_src_type22-std: 0.0018300559533271064
val/loss_src_type32: 0.011350578628480434
val/loss_src_type32-std: 0.004403937659992947
val/loss_timestamps: 0.4559704562028249
val/loss_timestamps-std: 0.006363483481195745
