date: '2026-01-10 12:34:39'
num_seeds: 3
test/downstream: 0.8744333386421204
test/downstream-std: 0.0009285578195732337
test/loss: 9.09626324971517
test/loss-std: 0.025423547905692227
test/loss_currency: 0.0018484822940081358
test/loss_currency-std: 2.4763151898102976e-05
test/loss_dst_type11: 1.1542102098464966
test/loss_dst_type11-std: 0.0028395036349183863
test/loss_dst_type12: 1.385589877764384
test/loss_dst_type12-std: 0.0039249802478280955
test/loss_event_subtype: 1.3000396092732747
test/loss_event_subtype-std: 0.003931509184932508
test/loss_labels: 1.2849613825480144
test/loss_labels-std: 0.0035852581150943165
test/loss_log_amount: 1.8971807956695557
test/loss_log_amount-std: 0.0030388001204211747
test/loss_src_type11: 0.24228392044703165
test/loss_src_type11-std: 0.0005894178737749679
test/loss_src_type12: 0.2966404656569163
test/loss_src_type12-std: 0.0023404448023253534
test/loss_src_type21: 1.0655776262283325
test/loss_src_type21-std: 0.011091339967325477
test/loss_src_type22: 0.004710265280057986
test/loss_src_type22-std: 0.001115749062830922
test/loss_src_type32: 0.010221710739036402
test/loss_src_type32-std: 0.000492585177359301
test/loss_timestamps: 0.45299511154492694
test/loss_timestamps-std: 0.0007804976960983013
val/downstream: 0.8935333291689554
val/downstream-std: 0.0015107134459444247
val/loss: 9.15336831410726
val/loss-std: 0.025252437628989488
val/loss_currency: 0.002052845355744163
val/loss_currency-std: 4.25532408991025e-05
val/loss_dst_type11: 1.1570789813995361
val/loss_dst_type11-std: 0.0031827574442983932
val/loss_dst_type12: 1.3832073609034221
val/loss_dst_type12-std: 0.003702966241852449
val/loss_event_subtype: 1.309583346048991
val/loss_event_subtype-std: 0.0036624449336902488
val/loss_labels: 1.2921579281489055
val/loss_labels-std: 0.003342431550189027
val/loss_log_amount: 1.8991140921910603
val/loss_log_amount-std: 0.0033649044169497865
val/loss_src_type11: 0.24370643496513367
val/loss_src_type11-std: 0.000930142667632477
val/loss_src_type12: 0.296516090631485
val/loss_src_type12-std: 0.0011799371513152026
val/loss_src_type21: 1.104644815127055
val/loss_src_type21-std: 0.011752051685990791
val/loss_src_type22: 0.00375454593449831
val/loss_src_type22-std: 0.0006725078911967033
val/loss_src_type32: 0.00986976424853007
val/loss_src_type32-std: 0.001802165634840756
val/loss_timestamps: 0.4516812562942505
val/loss_timestamps-std: 0.0008921015896728127
