date: '2026-01-03 05:42:39'
num_seeds: 3
test/downstream: 0.869266668955485
test/downstream-std: 0.002094964252582283
test/loss: 9.927934328715006
test/loss-std: 0.09731107122818017
test/loss_currency: 0.0018878626869991422
test/loss_currency-std: 4.5210464643051996e-05
test/loss_dst_type11: 1.15346364180247
test/loss_dst_type11-std: 0.002458754239745344
test/loss_dst_type12: 1.384512186050415
test/loss_dst_type12-std: 0.004514646627898644
test/loss_event_subtype: 1.3005648454030354
test/loss_event_subtype-std: 0.003388063625178688
test/loss_labels: 1.2858909368515015
test/loss_labels-std: 0.003909221368992174
test/loss_log_amount: 1.8868621985117595
test/loss_log_amount-std: 0.0012723281817234556
test/loss_src_type11: 0.24145432313283285
test/loss_src_type11-std: 0.0015015381582501664
test/loss_src_type12: 0.29776477813720703
test/loss_src_type12-std: 0.004433502137405891
test/loss_src_type21: 1.8939822514851887
test/loss_src_type21-std: 0.08391942500433855
test/loss_src_type22: 0.007775899178038041
test/loss_src_type22-std: 0.0021610422541381204
test/loss_src_type32: 0.016095828575392563
test/loss_src_type32-std: 0.005051952554873908
test/loss_timestamps: 0.4576779007911682
test/loss_timestamps-std: 0.0029529606205067386
val/downstream: 0.8986666599909464
val/downstream-std: 0.0036971383217772416
val/loss: 9.990287144978842
val/loss-std: 0.09216480413501746
val/loss_currency: 0.002205817261710763
val/loss_currency-std: 6.613551565658292e-05
val/loss_dst_type11: 1.1565313736597698
val/loss_dst_type11-std: 0.002352017208134605
val/loss_dst_type12: 1.3828953504562378
val/loss_dst_type12-std: 0.004141665412258247
val/loss_event_subtype: 1.310463786125183
val/loss_event_subtype-std: 0.003583838772934681
val/loss_labels: 1.2937371333440144
val/loss_labels-std: 0.004109295429337782
val/loss_log_amount: 1.8890992403030396
val/loss_log_amount-std: 0.0010242606775217721
val/loss_src_type11: 0.2426938315232595
val/loss_src_type11-std: 0.0014873157419623322
val/loss_src_type12: 0.29652074972788495
val/loss_src_type12-std: 0.003781616828877761
val/loss_src_type21: 1.9411302010218303
val/loss_src_type21-std: 0.08296350704921593
val/loss_src_type22: 0.007896915854265293
val/loss_src_type22-std: 0.0021816971794018087
val/loss_src_type32: 0.010871859733015299
val/loss_src_type32-std: 0.003350385500722636
val/loss_timestamps: 0.45624194542566937
val/loss_timestamps-std: 0.002839674653638082
