date: '2025-12-11 07:52:58'
test/loss: 0.8455091714859009
test/loss_timestamps: 0.8455091714859009
val/loss: 0.8454830050468445
val/loss_timestamps: 0.8454830050468445
