date: '2025-07-31 06:03:14'
num_seeds: 5
test/downstream: 0.8320599913597106
test/downstream-std: 0.00863403367318876
test/loss: 5.048188495635986
test/loss-std: 0.007114873445337837
test/loss_channel_type: 3.0092807355686092e-05
test/loss_channel_type-std: 1.0892184863349582e-05
test/loss_currency: 0.07829883247613907
test/loss_currency-std: 0.0010553325134232902
test/loss_labels: 2.5885129451751707
test/loss_labels-std: 0.00518522926685925
test/loss_log_amount: 1.2361034631729126
test/loss_log_amount-std: 0.0011035314864633037
test/loss_timestamps: 0.617895495891571
test/loss_timestamps-std: 0.0006382756013739519
test/loss_trx_category: 0.5273479104042054
test/loss_trx_category-std: 0.0010918614222488814
val/downstream: 0.832260000705719
val/downstream-std: 0.003076767699285357
val/loss: 4.9006202697753904
val/loss-std: 0.009190450731818536
val/loss_channel_type: 4.072759984410368e-05
val/loss_channel_type-std: 9.142150875911524e-06
val/loss_currency: 0.05698502361774445
val/loss_currency-std: 0.0007270202055958442
val/loss_labels: 2.544329357147217
val/loss_labels-std: 0.0060604089414854736
val/loss_log_amount: 1.2054787397384643
val/loss_log_amount-std: 0.0009930147203067769
val/loss_timestamps: 0.6029064059257507
val/loss_timestamps-std: 0.0005604632652828473
val/loss_trx_category: 0.4908800542354584
val/loss_trx_category-std: 0.0011446299446462762
