date: '2025-07-30 17:49:03'
num_seeds: 3
test/downstream: 0.8339666724205017
test/downstream-std: 0.004953342048501444
test/loss: 5.042716821034749
test/loss-std: 0.005358140682293862
test/loss_channel_type: 3.8835609908952996e-05
test/loss_channel_type-std: 1.374289439354826e-05
test/loss_currency: 0.07820199429988861
test/loss_currency-std: 0.000743511245728075
test/loss_labels: 2.5841050942738852
test/loss_labels-std: 0.002662026486418301
test/loss_log_amount: 1.2354864676793416
test/loss_log_amount-std: 0.0013794596267352438
test/loss_timestamps: 0.6179703672726949
test/loss_timestamps-std: 0.0004153548643572223
test/loss_trx_category: 0.5269138415654501
test/loss_trx_category-std: 0.000876701263649398
val/downstream: 0.8341000080108643
val/downstream-std: 0.002699384546190562
val/loss: 4.895903428395589
val/loss-std: 0.004071011703047243
val/loss_channel_type: 4.121333889391584e-05
val/loss_channel_type-std: 1.3078195409999145e-05
val/loss_currency: 0.056933936973412834
val/loss_currency-std: 0.00014011402156982817
val/loss_labels: 2.5401175816853843
val/loss_labels-std: 0.0025145109097451357
val/loss_log_amount: 1.2053159872690837
val/loss_log_amount-std: 0.0006356132325696994
val/loss_timestamps: 0.6026341120402018
val/loss_timestamps-std: 0.0005447302027165184
val/loss_trx_category: 0.49086036284764606
val/loss_trx_category-std: 0.0005728383527849058
