date: '2025-07-31 12:37:53'
num_seeds: 3
test/accuracy-target_flag: 0.7206666668256124
test/accuracy-target_flag-std: 0.00573488127567182
test/batch-accuracy-target_flag: 0.7206666866938273
test/batch-accuracy-target_flag-std: 0.0057349066816063015
test/downstream: 0.8373666604359945
test/downstream-std: 0.005200198859334177
test/loss: 0.5295547246932983
test/loss-std: 0.0024366014189015797
test/loss_target_flag: 0.5295547246932983
test/loss_target_flag-std: 0.0024366014189015797
val/accuracy-target_flag: 0.7228148182233175
val/accuracy-target_flag-std: 0.0078028000898634
val/batch-accuracy-target_flag: 0.7228148182233175
val/batch-accuracy-target_flag-std: 0.0078028000898634
val/downstream: 0.8401666680971781
val/downstream-std: 0.005144153777417927
val/loss: 0.5427343845367432
val/loss-std: 0.0041310372631750275
val/loss_target_flag: 0.5427343845367432
val/loss_target_flag-std: 0.0041310372631750275
