date: '2025-07-30 21:39:42'
num_seeds: 3
test/downstream: 0.8311333258946737
test/downstream-std: 0.005662932370524129
