date: '2025-07-30 17:51:55'
num_seeds: 3
test/accuracy-target_flag: 0.7393333315849304
test/accuracy-target_flag-std: 0.0049888653859645445
test/batch-accuracy-target_flag: 0.7393333315849304
test/batch-accuracy-target_flag-std: 0.0049888653859645445
test/downstream: 0.8375999927520752
test/downstream-std: 0.006203218513768246
test/loss: 0.5316590070724487
test/loss-std: 0.002724849578555312
test/loss_target_flag: 0.5316590070724487
test/loss_target_flag-std: 0.002724849578555312
val/accuracy-target_flag: 0.7272592584292094
val/accuracy-target_flag-std: 0.006792227911456212
val/batch-accuracy-target_flag: 0.7272592584292094
val/batch-accuracy-target_flag-std: 0.006792227911456212
val/downstream: 0.8446333209673563
val/downstream-std: 0.0024499303120586943
val/loss: 0.5426572759946188
val/loss-std: 0.001443992587648615
val/loss_target_flag: 0.5426572759946188
val/loss_target_flag-std: 0.001443992587648615
