date: '2025-07-31 13:24:18'
num_seeds: 3
test/downstream: 0.8344333370526632
test/downstream-std: 0.00303461061352413
test/loss: 5.047200997670491
test/loss-std: 0.012910374293780164
test/loss_channel_type: 6.996465890551917e-05
test/loss_channel_type-std: 5.311591626825009e-05
test/loss_currency: 0.07841509580612183
test/loss_currency-std: 0.0016254811477400405
test/loss_labels: 2.5880138874053955
test/loss_labels-std: 0.007177760955023775
test/loss_log_amount: 1.2358714739481609
test/loss_log_amount-std: 0.002662983501846448
test/loss_timestamps: 0.6178744236628214
test/loss_timestamps-std: 0.000740510287343043
test/loss_trx_category: 0.5269559025764465
test/loss_trx_category-std: 0.0007992801974162969
val/downstream: 0.8337000012397766
val/downstream-std: 0.005372149810957252
val/loss: 4.903212547302246
val/loss-std: 0.01445037385857964
val/loss_channel_type: 7.760754184952627e-05
val/loss_channel_type-std: 5.8636098424257696e-05
val/loss_currency: 0.057594542702039085
val/loss_currency-std: 0.0012098774128807054
val/loss_labels: 2.5455413659413657
val/loss_labels-std: 0.00929348725305339
val/loss_log_amount: 1.2053535381952922
val/loss_log_amount-std: 0.0017723429362946348
val/loss_timestamps: 0.602799673875173
val/loss_timestamps-std: 0.0009389722632291347
val/loss_trx_category: 0.49184515078862506
val/loss_trx_category-std: 0.0012324085640237775
