date: '2025-07-31 12:35:35'
num_seeds: 3
test/accuracy-target_flag: 0.7426666617393494
test/accuracy-target_flag-std: 0.005249344174247969
test/batch-accuracy-target_flag: 0.7426666617393494
test/batch-accuracy-target_flag-std: 0.005249344174247969
test/downstream: 0.8419000109036764
test/downstream-std: 0.006096446778969493
test/loss: 0.5292595426241556
test/loss-std: 0.004677925908844941
test/loss_target_flag: 0.5292595426241556
test/loss_target_flag-std: 0.004677925908844941
val/accuracy-target_flag: 0.729185163974762
val/accuracy-target_flag-std: 0.0011086332124264993
val/batch-accuracy-target_flag: 0.729185163974762
val/batch-accuracy-target_flag-std: 0.0011086332124264993
val/downstream: 0.84470001856486
val/downstream-std: 0.0005715416387742077
val/loss: 0.5458073814709982
val/loss-std: 0.008113862229175857
val/loss_target_flag: 0.5458073814709982
val/loss_target_flag-std: 0.008113862229175857
