date: '2025-07-31 13:23:37'
num_seeds: 3
test/downstream: 0.8307999968528748
test/downstream-std: 0.00394209674702379
test/loss: 5.0445302327473955
test/loss-std: 0.008758137313999681
test/loss_channel_type: 3.6211892923650644e-05
test/loss_channel_type-std: 1.0026892665659898e-05
test/loss_currency: 0.07817597438891728
test/loss_currency-std: 0.0005434240684860003
test/loss_labels: 2.5859359900156655
test/loss_labels-std: 0.0051161013351952115
test/loss_log_amount: 1.2357043822606404
test/loss_log_amount-std: 0.0011909753660798053
test/loss_timestamps: 0.6175860166549683
test/loss_timestamps-std: 0.0011564002259533623
test/loss_trx_category: 0.5270917415618896
test/loss_trx_category-std: 0.0013016206314877621
val/downstream: 0.8422666788101196
val/downstream-std: 0.0037043407535375184
val/loss: 4.898058891296387
val/loss-std: 0.010785149246056632
val/loss_channel_type: 4.4990243623033166e-05
val/loss_channel_type-std: 6.623184188589916e-06
val/loss_currency: 0.057348581651846565
val/loss_currency-std: 0.000935336523753154
val/loss_labels: 2.54191001256307
val/loss_labels-std: 0.0066826807653354945
val/loss_log_amount: 1.205134630203247
val/loss_log_amount-std: 0.0015743884203975977
val/loss_timestamps: 0.6025099158287048
val/loss_timestamps-std: 0.0009567853839630372
val/loss_trx_category: 0.49111101031303406
val/loss_trx_category-std: 0.0008297152390542073
