date: '2025-07-30 17:57:37'
num_seeds: 3
test/accuracy-target_flag: 0.7439999977747599
test/accuracy-target_flag-std: 0.009092126445761618
test/batch-accuracy-target_flag: 0.7440000176429749
test/batch-accuracy-target_flag-std: 0.009092130816213176
test/downstream: 0.8356666763623556
test/downstream-std: 0.008533988851712386
test/loss: 0.525724192460378
test/loss-std: 0.006897630048226904
test/loss_target_flag: 0.525724192460378
test/loss_target_flag-std: 0.006897630048226904
val/accuracy-target_flag: 0.7165925900141398
val/accuracy-target_flag-std: 0.0049535427961516715
val/batch-accuracy-target_flag: 0.7165925900141398
val/batch-accuracy-target_flag-std: 0.0049535427961516715
val/downstream: 0.8427666624387106
val/downstream-std: 0.0021929236063758725
val/loss: 0.5441438555717468
val/loss-std: 0.00552625855858364
val/loss_target_flag: 0.5441438555717468
val/loss_target_flag-std: 0.00552625855858364
