date: '2025-07-30 21:37:19'
num_seeds: 3
test/accuracy-target_flag: 0.0
test/accuracy-target_flag-std: 0.0
test/downstream: 0.8411666552225748
test/downstream-std: 0.003412083680175712
