date: '2025-07-24 18:20:55'
num_seeds: 5
test/accuracy-target_flag: 0.7483999967575073
test/accuracy-target_flag-std: 0.008333069244278632
test/batch-accuracy-target_flag: 0.7483999967575073
test/batch-accuracy-target_flag-std: 0.008333069244278632
test/downstream: 0.8271999955177307
test/downstream-std: 0.007520621334368472
test/loss: 0.5600499033927917
test/loss-std: 0.029447494159172145
test/loss_target_flag: 0.5600499033927917
test/loss_target_flag-std: 0.029447494159172145
val/accuracy-target_flag: 0.7456000089645386
val/accuracy-target_flag-std: 0.003911115635531244
val/batch-accuracy-target_flag: 0.7456000089645386
val/batch-accuracy-target_flag-std: 0.003911115635531244
val/downstream: 0.8341999888420105
val/downstream-std: 0.0041182511393827856
val/loss: 0.5724983096122742
val/loss-std: 0.03613475295850229
val/loss_target_flag: 0.5724983096122742
val/loss_target_flag-std: 0.03613475295850229
