date: '2025-07-30 17:49:51'
num_seeds: 3
test/accuracy-target_flag: 0.7426666617393494
test/accuracy-target_flag-std: 0.005249344174247969
test/batch-accuracy-target_flag: 0.7426666617393494
test/batch-accuracy-target_flag-std: 0.005249344174247969
test/downstream: 0.8414000074068705
test/downstream-std: 0.004486282886322126
test/loss: 0.529279351234436
test/loss-std: 0.004684696848916067
test/loss_target_flag: 0.529279351234436
test/loss_target_flag-std: 0.004684696848916067
val/accuracy-target_flag: 0.7290370265642802
val/accuracy-target_flag-std: 0.001166508311351611
val/batch-accuracy-target_flag: 0.7290370265642802
val/batch-accuracy-target_flag-std: 0.001166508311351611
val/downstream: 0.8452333410580953
val/downstream-std: 0.0017307836193685652
val/loss: 0.5458196997642517
val/loss-std: 0.008125572991027893
val/loss_target_flag: 0.5458196997642517
val/loss_target_flag-std: 0.008125572991027893
