date: '2025-08-01 08:28:14'
num_seeds: 3
test/downstream: 0.8270000020662943
test/downstream-std: 0.005027932857618719
test/loss: 5.070333957672119
test/loss-std: 0.037621996489631784
test/loss_channel_type: 9.64880600804463e-05
test/loss_channel_type-std: 9.171094338884301e-05
test/loss_currency: 0.08134930829207103
test/loss_currency-std: 0.00436945129861253
test/loss_labels: 2.60255233446757
test/loss_labels-std: 0.024384961890785567
test/loss_log_amount: 1.237866202990214
test/loss_log_amount-std: 0.0035308073631339486
test/loss_timestamps: 0.6187804539998373
test/loss_timestamps-std: 0.0016384479184654505
test/loss_trx_category: 0.529689093430837
test/loss_trx_category-std: 0.0038678830775181763
val/downstream: 0.8318333427111307
val/downstream-std: 0.008868430607046895
val/loss: 4.925052801767985
val/loss-std: 0.03871934530799025
val/loss_channel_type: 0.00010635183813671271
val/loss_channel_type-std: 9.743457670495377e-05
val/loss_currency: 0.059628039598464966
val/loss_currency-std: 0.003222253706885673
val/loss_labels: 2.5597198804219565
val/loss_labels-std: 0.025199787806883086
val/loss_log_amount: 1.2076143423716228
val/loss_log_amount-std: 0.003778741317586337
val/loss_timestamps: 0.6039648850758871
val/loss_timestamps-std: 0.0018239883238950862
val/loss_trx_category: 0.49401920040448505
val/loss_trx_category-std: 0.004605567462142596
