date: '2025-07-30 17:43:46'
num_seeds: 3
test/downstream: 0.826800008614858
test/downstream-std: 0.0009201421386311211
test/loss: 5.053394158681233
test/loss-std: 0.011659677811118024
test/loss_channel_type: 8.773570273964044e-05
test/loss_channel_type-std: 4.475317893649037e-05
test/loss_currency: 0.07893288383881251
test/loss_currency-std: 0.001232283233930197
test/loss_labels: 2.5904319286346436
test/loss_labels-std: 0.008216171752443716
test/loss_log_amount: 1.2369860013326008
test/loss_log_amount-std: 0.000779001056266859
test/loss_timestamps: 0.6187726855278015
test/loss_timestamps-std: 0.0007125772268759567
test/loss_trx_category: 0.5281831820805868
test/loss_trx_category-std: 0.001574254053622646
val/downstream: 0.8309333324432373
val/downstream-std: 0.003412072228408036
val/loss: 4.905455430348714
val/loss-std: 0.012181196356650307
val/loss_channel_type: 8.657251601107419e-05
val/loss_channel_type-std: 3.2940688812416576e-05
val/loss_currency: 0.057522534082333245
val/loss_currency-std: 0.0011325427883935582
val/loss_labels: 2.5461819171905518
val/loss_labels-std: 0.008232826968769652
val/loss_log_amount: 1.205912748972575
val/loss_log_amount-std: 0.0011087368956123785
val/loss_timestamps: 0.603387176990509
val/loss_timestamps-std: 0.0008675275115418915
val/loss_trx_category: 0.49236422777175903
val/loss_trx_category-std: 0.0010503747297799459
