date: '2025-07-30 21:35:17'
num_seeds: 3
test/accuracy-target_flag: 0.0
test/accuracy-target_flag-std: 0.0
test/downstream: 0.8389333089192709
test/downstream-std: 0.008671924207883283
