date: '2025-07-31 21:31:05'
num_seeds: 3
test/accuracy-target_flag: 0.7326666712760925
test/accuracy-target_flag-std: 0.017613129023179776
test/batch-accuracy-target_flag: 0.7326666911443075
test/batch-accuracy-target_flag-std: 0.017613146319744567
test/downstream: 0.8392666578292847
test/downstream-std: 0.004454456722668041
test/loss: 0.5900267362594604
test/loss-std: 0.045592857669481415
test/loss_target_flag: 0.5900267362594604
test/loss_target_flag-std: 0.045592857669481415
val/accuracy-target_flag: 0.7348148226737976
val/accuracy-target_flag-std: 0.003914029423849564
val/batch-accuracy-target_flag: 0.7348148226737976
val/batch-accuracy-target_flag-std: 0.003914029423849564
val/downstream: 0.8376333316167196
val/downstream-std: 0.00606922122704826
val/loss: 0.5970907608668009
val/loss-std: 0.039169078905322084
val/loss_target_flag: 0.5970907608668009
val/loss_target_flag-std: 0.039169078905322084
