date: '2025-07-30 21:40:10'
num_seeds: 3
test/accuracy-target_flag: 0.0
test/accuracy-target_flag-std: 0.0
test/downstream: 0.8423666556676229
test/downstream-std: 0.007451758708369729
