date: '2025-07-31 13:25:16'
num_seeds: 3
test/downstream: 0.8320333361625671
test/downstream-std: 0.0032417435049390967
test/loss: 5.0394571622212725
test/loss-std: 0.0006623111163345966
test/loss_channel_type: 1.983356924029067e-05
test/loss_channel_type-std: 4.050378538744809e-06
test/loss_currency: 0.07768604656060536
test/loss_currency-std: 0.0007214910693711016
test/loss_labels: 2.583552916844686
test/loss_labels-std: 0.0007275404393698807
test/loss_log_amount: 1.2340370814005535
test/loss_log_amount-std: 0.0009393860306606634
test/loss_timestamps: 0.6174190243085226
test/loss_timestamps-std: 0.0004143709941539004
test/loss_trx_category: 0.5267420212427775
test/loss_trx_category-std: 0.00040261335948538624
val/downstream: 0.8368000189463297
val/downstream-std: 0.004384058986305183
val/loss: 4.892920811971028
val/loss-std: 0.0011626600482487475
val/loss_channel_type: 3.511371627003731e-05
val/loss_channel_type-std: 1.796041628151981e-05
val/loss_currency: 0.05669007450342178
val/loss_currency-std: 0.0002953257739685065
val/loss_labels: 2.539595286051432
val/loss_labels-std: 0.0013185466623560872
val/loss_log_amount: 1.2042009830474854
val/loss_log_amount-std: 0.00017739250217978494
val/loss_timestamps: 0.6021515130996704
val/loss_timestamps-std: 0.00018559229348455675
val/loss_trx_category: 0.49024765690167743
val/loss_trx_category-std: 0.0002528391682567889
