date: '2025-08-01 08:27:43'
num_seeds: 3
test/downstream: 0.8299333453178406
test/downstream-std: 0.0025694695073491787
test/loss: 5.045222123463948
test/loss-std: 0.006714679040976147
test/loss_channel_type: 3.402512083994225e-05
test/loss_channel_type-std: 1.7478313026144374e-05
test/loss_currency: 0.07844748347997665
test/loss_currency-std: 0.0009377383928584372
test/loss_labels: 2.5855398972829184
test/loss_labels-std: 0.004058572855732422
test/loss_log_amount: 1.235985279083252
test/loss_log_amount-std: 0.0008475634003118729
test/loss_timestamps: 0.6178673108418783
test/loss_timestamps-std: 0.0006917459505307289
test/loss_trx_category: 0.5273483594258627
test/loss_trx_category-std: 0.0006796651308585011
val/downstream: 0.8335333267847697
val/downstream-std: 0.0019014641825642834
val/loss: 4.897933483123779
val/loss-std: 0.007910045054285417
val/loss_channel_type: 4.7435124239806704e-05
val/loss_channel_type-std: 8.37229207628087e-06
val/loss_currency: 0.05729399745663007
val/loss_currency-std: 0.0010854483677824823
val/loss_labels: 2.5414445400238037
val/loss_labels-std: 0.004612030734739335
val/loss_log_amount: 1.2054802974065144
val/loss_log_amount-std: 0.0010967088536257814
val/loss_timestamps: 0.6024430791536967
val/loss_timestamps-std: 0.00040983251442505724
val/loss_trx_category: 0.49122361342112225
val/loss_trx_category-std: 0.0008100893505776686
