date: '2025-07-31 12:35:39'
num_seeds: 3
test/accuracy-target_flag: 0.7393333315849304
test/accuracy-target_flag-std: 0.0049888653859645445
test/batch-accuracy-target_flag: 0.7393333315849304
test/batch-accuracy-target_flag-std: 0.0049888653859645445
test/downstream: 0.8394666711489359
test/downstream-std: 0.005802495374316743
test/loss: 0.531668464342753
test/loss-std: 0.002693244829624719
test/loss_target_flag: 0.531668464342753
test/loss_target_flag-std: 0.002693244829624719
val/accuracy-target_flag: 0.7271111011505127
val/accuracy-target_flag-std: 0.0069991255656639585
val/batch-accuracy-target_flag: 0.7271111011505127
val/batch-accuracy-target_flag-std: 0.0069991255656639585
val/downstream: 0.8451000054677328
val/downstream-std: 0.002619158613548183
val/loss: 0.5426716009775797
val/loss-std: 0.0014988423617613733
val/loss_target_flag: 0.5426716009775797
val/loss_target_flag-std: 0.0014988423617613733
