date: '2025-07-30 17:47:08'
num_seeds: 3
test/downstream: 0.8312000036239624
test/downstream-std: 0.0028390210314501907
test/loss: 5.0453948974609375
test/loss-std: 0.008668265679746129
test/loss_channel_type: 3.6202169818958886e-05
test/loss_channel_type-std: 1.002300331539874e-05
test/loss_currency: 0.0781745860973994
test/loss_currency-std: 0.0005442721897946497
test/loss_labels: 2.586142381032308
test/loss_labels-std: 0.0050291844794351
test/loss_log_amount: 1.2357248862584431
test/loss_log_amount-std: 0.0011908319851357345
test/loss_timestamps: 0.6182278394699097
test/loss_timestamps-std: 0.00115756941265121
test/loss_trx_category: 0.5270890990893046
test/loss_trx_category-std: 0.0013027124186102271
val/downstream: 0.8414999842643738
val/downstream-std: 0.0029405155292646593
val/loss: 4.898390134175618
val/loss-std: 0.010779425483420571
val/loss_channel_type: 4.499435696440438e-05
val/loss_channel_type-std: 6.614782974604715e-06
val/loss_currency: 0.05735248948136965
val/loss_currency-std: 0.0009400098031909436
val/loss_labels: 2.5419743061065674
val/loss_labels-std: 0.006686960067792694
val/loss_log_amount: 1.2051324049631755
val/loss_log_amount-std: 0.001563390488908609
val/loss_timestamps: 0.6027706861495972
val/loss_timestamps-std: 0.000952054814282284
val/loss_trx_category: 0.4911153515179952
val/loss_trx_category-std: 0.0008312131689615831
