date: '2025-07-31 12:35:14'
num_seeds: 3
test/accuracy-target_flag: 0.7193333307902018
test/accuracy-target_flag-std: 0.010873004394073306
test/batch-accuracy-target_flag: 0.7193333307902018
test/batch-accuracy-target_flag-std: 0.010873004394073306
test/downstream: 0.845633327960968
test/downstream-std: 0.0039668225309062765
test/loss: 0.5336426297823588
test/loss-std: 0.006629705380014535
test/loss_target_flag: 0.5336426297823588
test/loss_target_flag-std: 0.006629705380014535
val/accuracy-target_flag: 0.7111110885938009
val/accuracy-target_flag-std: 0.010691327686096878
val/batch-accuracy-target_flag: 0.7111110885938009
val/batch-accuracy-target_flag-std: 0.010691327686096878
val/downstream: 0.8437666694323221
val/downstream-std: 0.0023921274133825903
val/loss: 0.5499026974042257
val/loss-std: 0.007596874221985439
val/loss_target_flag: 0.5499026974042257
val/loss_target_flag-std: 0.007596874221985439
