date: '2025-07-30 17:53:57'
num_seeds: 3
test/accuracy-target_flag: 0.731333335240682
test/accuracy-target_flag-std: 0.02390723943165959
test/batch-accuracy-target_flag: 0.731333335240682
test/batch-accuracy-target_flag-std: 0.02390723943165959
test/downstream: 0.8389333486557007
test/downstream-std: 0.00521556668512145
test/loss: 0.5335452556610107
test/loss-std: 0.00473905886688803
test/loss_target_flag: 0.5335452556610107
test/loss_target_flag-std: 0.00473905886688803
val/accuracy-target_flag: 0.7106666564941406
val/accuracy-target_flag-std: 0.009093930634234377
val/batch-accuracy-target_flag: 0.7106666564941406
val/batch-accuracy-target_flag-std: 0.009093930634234377
val/downstream: 0.8431666692097982
val/downstream-std: 0.0031679000407224284
val/loss: 0.5510936578114828
val/loss-std: 0.004233410871687385
val/loss_target_flag: 0.5510936578114828
val/loss_target_flag-std: 0.004233410871687385
