date: '2025-07-31 12:35:22'
num_seeds: 3
test/accuracy-target_flag: 0.7446666558583578
test/accuracy-target_flag-std: 0.0098432110997197
test/batch-accuracy-target_flag: 0.7446666955947876
test/batch-accuracy-target_flag-std: 0.009843236666990276
test/downstream: 0.8359666665395101
test/downstream-std: 0.00784064632459633
test/loss: 0.5256413022677103
test/loss-std: 0.007001720880834167
test/loss_target_flag: 0.5256413022677103
test/loss_target_flag-std: 0.007001720880834167
val/accuracy-target_flag: 0.7167407472928365
val/accuracy-target_flag-std: 0.005149079017844989
val/batch-accuracy-target_flag: 0.7167407472928365
val/batch-accuracy-target_flag-std: 0.005149079017844989
val/downstream: 0.8421333432197571
val/downstream-std: 0.0016006922211836798
val/loss: 0.5441472331682841
val/loss-std: 0.005524991004801039
val/loss_target_flag: 0.5441472331682841
val/loss_target_flag-std: 0.005524991004801039
