date: '2025-07-24 12:05:22'
num_seeds: 5
test/downstream: 0.8167999982833862
test/downstream-std: 0.009516295032196984
test/loss: 5.049885272979736
test/loss-std: 0.01872898054611349
test/loss_channel_type: 3.9207001645991116e-05
test/loss_channel_type-std: 3.7363158713323985e-05
test/loss_currency: 0.07933330833911896
test/loss_currency-std: 0.0015344668644798423
test/loss_labels: 2.5901512622833254
test/loss_labels-std: 0.01207834346958997
test/loss_log_amount: 1.2354020833969117
test/loss_log_amount-std: 0.00197859977692156
test/loss_timestamps: 0.6174586057662964
test/loss_timestamps-std: 0.000754132693913022
test/loss_trx_category: 0.5275007128715515
test/loss_trx_category-std: 0.0027817219009413493
val/downstream: 0.823200011253357
val/downstream-std: 0.0020396166146403943
val/loss: 4.903342247009277
val/loss-std: 0.020384938822855782
val/loss_channel_type: 5.768216105934698e-05
val/loss_channel_type-std: 3.337148254155784e-05
val/loss_currency: 0.05764491707086563
val/loss_currency-std: 0.0019223214731978197
val/loss_labels: 2.5461560249328614
val/loss_labels-std: 0.012339553327512418
val/loss_log_amount: 1.2057567358016967
val/loss_log_amount-std: 0.0029262781693891737
val/loss_timestamps: 0.6027987122535705
val/loss_timestamps-std: 0.0008297954821100738
val/loss_trx_category: 0.49092811346054077
val/loss_trx_category-std: 0.002539084296324764
