date: '2025-07-24 23:11:41'
num_seeds: 3
test/downstream: 0.8196666836738586
test/downstream-std: 0.004027686042770149
test/loss: 5.0462063153584795
test/loss-std: 0.010299061020100104
test/loss_channel_type: 4.289465747812452e-05
test/loss_channel_type-std: 1.7457662289918314e-05
test/loss_currency: 0.0783959651986758
test/loss_currency-std: 0.0010815169041177213
test/loss_labels: 2.5874862670898438
test/loss_labels-std: 0.006274166259485795
test/loss_log_amount: 1.2352068424224854
test/loss_log_amount-std: 0.0010590243089885936
test/loss_timestamps: 0.6179337302843729
test/loss_timestamps-std: 0.0013302541620304504
test/loss_trx_category: 0.5271404584248861
test/loss_trx_category-std: 0.0012772897876794783
val/downstream: 0.824999988079071
val/downstream-std: 0.0014141953549345384
val/loss: 4.900101661682129
val/loss-std: 0.009561946808378068
val/loss_channel_type: 5.960835248212485e-05
val/loss_channel_type-std: 4.1270964286267436e-05
val/loss_currency: 0.057186394929885864
val/loss_currency-std: 0.0005376829984490904
val/loss_labels: 2.543614705403646
val/loss_labels-std: 0.006028494476467289
val/loss_log_amount: 1.2049254576365154
val/loss_log_amount-std: 0.0009392390776915087
val/loss_timestamps: 0.6028585235277811
val/loss_timestamps-std: 0.0011623318751786487
val/loss_trx_category: 0.49145708481470746
val/loss_trx_category-std: 0.0009217828336564449
