date: '2025-07-30 21:39:10'
num_seeds: 3
test/accuracy-target_flag: 0.0
test/accuracy-target_flag-std: 0.0
test/downstream: 0.8429666558901469
test/downstream-std: 0.0011469730217527087
