date: '2025-07-30 17:50:42'
num_seeds: 3
test/downstream: 0.8327333331108093
test/downstream-std: 0.004508761848049285
test/loss: 5.0402499834696455
test/loss-std: 0.0007219385264050727
test/loss_channel_type: 1.9829900944993522e-05
test/loss_channel_type-std: 4.049234058960041e-06
test/loss_currency: 0.07768680900335312
test/loss_currency-std: 0.0007217197362322378
test/loss_labels: 2.5837459564208984
test/loss_labels-std: 0.0007588332661304084
test/loss_log_amount: 1.2340481678644817
test/loss_log_amount-std: 0.0009437228201217841
test/loss_timestamps: 0.6180131038029989
test/loss_timestamps-std: 0.00038261934595459185
test/loss_trx_category: 0.5267362197240194
test/loss_trx_category-std: 0.00040678668731929134
val/downstream: 0.8381333351135254
val/downstream-std: 0.0036169409453093875
val/loss: 4.893268426259358
val/loss-std: 0.0011869091710073876
val/loss_channel_type: 3.510773058224004e-05
val/loss_channel_type-std: 1.7968216903015153e-05
val/loss_currency: 0.05668826028704643
val/loss_currency-std: 0.0002879155131305502
val/loss_labels: 2.5396838188171387
val/loss_labels-std: 0.0013229594239982253
val/loss_log_amount: 1.2042102416356404
val/loss_log_amount-std: 0.0001866679516698343
val/loss_timestamps: 0.6024015347162882
val/loss_timestamps-std: 0.00019324322433034123
val/loss_trx_category: 0.4902499516805013
val/loss_trx_category-std: 0.00025214133206395294
