date: '2025-07-31 12:30:36'
num_seeds: 3
test/accuracy-target_flag: 0.7379999955495199
test/accuracy-target_flag-std: 0.005887839011809073
test/batch-accuracy-target_flag: 0.7380000352859497
test/batch-accuracy-target_flag-std: 0.005887812016231225
test/downstream: 0.8430333336194357
test/downstream-std: 0.004322274479664147
test/loss: 0.5241161783536276
test/loss-std: 0.0026817554127114935
test/loss_target_flag: 0.5241161783536276
test/loss_target_flag-std: 0.0026817554127114935
val/accuracy-target_flag: 0.7130370338757833
val/accuracy-target_flag-std: 0.008356936954036344
val/batch-accuracy-target_flag: 0.7130370338757833
val/batch-accuracy-target_flag-std: 0.008356936954036344
val/downstream: 0.8408000071843466
val/downstream-std: 0.0017378104100753077
val/loss: 0.5461000800132751
val/loss-std: 0.0008439009454346284
val/loss_target_flag: 0.5461000800132751
val/loss_target_flag-std: 0.0008439009454346284
