date: '2025-07-30 17:56:44'
num_seeds: 3
test/downstream: 0.8292666474978129
test/downstream-std: 0.008468101461749297
test/loss: 5.048135439554851
test/loss-std: 0.0011889933875794672
test/loss_channel_type: 2.665546101828416e-05
test/loss_channel_type-std: 4.7826601539767575e-06
test/loss_currency: 0.077943354845047
test/loss_currency-std: 0.0006354865261969865
test/loss_labels: 2.5886929035186768
test/loss_labels-std: 0.0016112965180477227
test/loss_log_amount: 1.236033042271932
test/loss_log_amount-std: 0.0017049020868131247
test/loss_timestamps: 0.6180116534233093
test/loss_timestamps-std: 0.0005022329316800455
test/loss_trx_category: 0.5274280508359274
test/loss_trx_category-std: 0.0006743331392884383
val/downstream: 0.8306666612625122
val/downstream-std: 0.0035311368668219235
val/loss: 4.898365497589111
val/loss-std: 0.0017260756924257368
val/loss_channel_type: 3.6367346183396876e-05
val/loss_channel_type-std: 7.5178535445468975e-06
val/loss_currency: 0.05697498470544815
val/loss_currency-std: 0.0004637572053048334
val/loss_labels: 2.543220043182373
val/loss_labels-std: 0.0014640413510569575
val/loss_log_amount: 1.2049744526545207
val/loss_log_amount-std: 0.0004627172143404125
val/loss_timestamps: 0.6024123628934225
val/loss_timestamps-std: 0.00011766269223521605
val/loss_trx_category: 0.4907476305961609
val/loss_trx_category-std: 0.00024615999682569694
