date: '2025-07-30 17:45:25'
num_seeds: 3
test/downstream: 0.8344333370526632
test/downstream-std: 0.003390519656349639
test/loss: 5.048020044962565
test/loss-std: 0.012922636102071547
test/loss_channel_type: 6.995024280816627e-05
test/loss_channel_type-std: 5.311829693047658e-05
test/loss_currency: 0.078415647149086
test/loss_currency-std: 0.0016260831597062675
test/loss_labels: 2.5882314840952554
test/loss_labels-std: 0.007187787854799974
test/loss_log_amount: 1.2358768383661907
test/loss_log_amount-std: 0.002672756759637375
test/loss_timestamps: 0.6184729933738708
test/loss_timestamps-std: 0.0007301668357821657
test/loss_trx_category: 0.5269529024759928
test/loss_trx_category-std: 0.000799290591480323
val/downstream: 0.8324666619300842
val/downstream-std: 0.004508761848049285
val/loss: 4.903532028198242
val/loss-std: 0.014478714351003851
val/loss_channel_type: 7.756834020256065e-05
val/loss_channel_type-std: 5.859571758594063e-05
val/loss_currency: 0.05759656553467115
val/loss_currency-std: 0.001209395154532688
val/loss_labels: 2.5456032752990723
val/loss_labels-std: 0.009291487804988837
val/loss_log_amount: 1.2053490082422893
val/loss_log_amount-std: 0.001779266075615154
val/loss_timestamps: 0.6030622720718384
val/loss_timestamps-std: 0.0009609058294342723
val/loss_trx_category: 0.4918430944283803
val/loss_trx_category-std: 0.0012358750676564544
