date: '2025-07-30 17:46:15'
num_seeds: 3
test/accuracy-target_flag: 0.7193333307902018
test/accuracy-target_flag-std: 0.010873004394073306
test/batch-accuracy-target_flag: 0.7193333307902018
test/batch-accuracy-target_flag-std: 0.010873004394073306
test/downstream: 0.8464000026384989
test/downstream-std: 0.004057105159927739
test/loss: 0.5336535175641378
test/loss-std: 0.00664449525606827
test/loss_target_flag: 0.5336535175641378
test/loss_target_flag-std: 0.00664449525606827
val/accuracy-target_flag: 0.7114073832829794
val/accuracy-target_flag-std: 0.010894679361076035
val/batch-accuracy-target_flag: 0.7114073832829794
val/batch-accuracy-target_flag-std: 0.010894679361076035
val/downstream: 0.8426333467165629
val/downstream-std: 0.002007200478238833
val/loss: 0.5499005119005839
val/loss-std: 0.0076227728657446
val/loss_target_flag: 0.5499005119005839
val/loss_target_flag-std: 0.0076227728657446
