date: '2025-07-30 21:34:42'
num_seeds: 3
test/downstream: 0.8341000080108643
test/downstream-std: 0.006174668326091373
