date: '2025-08-01 08:25:26'
num_seeds: 3
test/downstream: 0.8335666656494141
test/downstream-std: 0.002718266021460765
test/loss: 5.04246727625529
test/loss-std: 0.003818824370016766
test/loss_channel_type: 3.0956576665630564e-05
test/loss_channel_type-std: 4.343262063135745e-06
test/loss_currency: 0.07745865484078725
test/loss_currency-std: 0.0005557343767906224
test/loss_labels: 2.5848384698232016
test/loss_labels-std: 0.0016267128758734343
test/loss_log_amount: 1.2361716826756795
test/loss_log_amount-std: 0.0015231929248222893
test/loss_timestamps: 0.6177154382069906
test/loss_timestamps-std: 0.0005663532443340849
test/loss_trx_category: 0.5262521902720133
test/loss_trx_category-std: 0.00119291219405648
val/downstream: 0.834333340326945
val/downstream-std: 0.0006182431287683589
val/loss: 4.897047837575276
val/loss-std: 0.0055637898153910615
val/loss_channel_type: 4.2444777742881946e-05
val/loss_channel_type-std: 3.037454040815498e-06
val/loss_currency: 0.05705229565501213
val/loss_currency-std: 0.0007012869056773692
val/loss_labels: 2.542067368825277
val/loss_labels-std: 0.0029954034845369407
val/loss_log_amount: 1.204922358194987
val/loss_log_amount-std: 0.0010727043723286161
val/loss_timestamps: 0.6024671991666158
val/loss_timestamps-std: 0.0003779186813378152
val/loss_trx_category: 0.49049659570058185
val/loss_trx_category-std: 0.0009654973791208121
