date: '2025-07-30 21:36:53'
num_seeds: 3
test/downstream: 0.8300999999046326
test/downstream-std: 0.005158176676535977
