date: '2025-07-30 21:38:16'
num_seeds: 3
test/accuracy-target_flag: 0.0
test/accuracy-target_flag-std: 0.0
test/downstream: 0.838699996471405
test/downstream-std: 0.005452209667500591
