date: '2025-07-30 17:54:58'
num_seeds: 3
test/downstream: 0.8318000038464864
test/downstream-std: 0.006825433551038156
test/loss: 5.044109503428142
test/loss-std: 0.002643734179044325
test/loss_channel_type: 2.8441064083987538e-05
test/loss_channel_type-std: 1.0130433556039206e-05
test/loss_currency: 0.07776489357153575
test/loss_currency-std: 0.0006796755252723801
test/loss_labels: 2.5863595803578696
test/loss_labels-std: 0.0017801917131457677
test/loss_log_amount: 1.2356350024541218
test/loss_log_amount-std: 0.0009274398674076
test/loss_timestamps: 0.6178307930628458
test/loss_timestamps-std: 0.00038502344319451225
test/loss_trx_category: 0.5264909068743387
test/loss_trx_category-std: 0.00012900965441052962
val/downstream: 0.8327000141143799
val/downstream-std: 0.0017146353446987656
val/loss: 4.89643398920695
val/loss-std: 0.0003399297896366774
val/loss_channel_type: 3.363556182497026e-05
val/loss_channel_type-std: 9.962218987470327e-06
val/loss_currency: 0.05708093320329984
val/loss_currency-std: 0.00021716593361367773
val/loss_labels: 2.5420049031575522
val/loss_labels-std: 0.0005350358104206202
val/loss_log_amount: 1.204551895459493
val/loss_log_amount-std: 0.00034148791008441437
val/loss_timestamps: 0.6023287971814474
val/loss_timestamps-std: 0.00024289075500357214
val/loss_trx_category: 0.4904336432615916
val/loss_trx_category-std: 0.00031714780729879605
