date: '2025-07-31 06:03:13'
num_seeds: 5
test/downstream: 0.8311200022697449
test/downstream-std: 0.006931193482995931
test/loss: 5.0498734474182125
test/loss-std: 0.018726086229532785
test/loss_channel_type: 3.923388085240731e-05
test/loss_channel_type-std: 3.740465246133193e-05
test/loss_currency: 0.07933310717344284
test/loss_currency-std: 0.0015353639451628084
test/loss_labels: 2.590145969390869
test/loss_labels-std: 0.012073246545123716
test/loss_log_amount: 1.235397171974182
test/loss_log_amount-std: 0.001980906795009982
test/loss_timestamps: 0.6174581289291382
test/loss_timestamps-std: 0.0007535045408213215
test/loss_trx_category: 0.5274997115135193
test/loss_trx_category-std: 0.002781424537118486
val/downstream: 0.8323599934577942
val/downstream-std: 0.0005712989064450525
val/loss: 4.903337001800537
val/loss-std: 0.020383008747596628
val/loss_channel_type: 5.768989358330145e-05
val/loss_channel_type-std: 3.3379556768623644e-05
val/loss_currency: 0.057644665241241455
val/loss_currency-std: 0.0019224143676082864
val/loss_labels: 2.546153354644775
val/loss_labels-std: 0.012338445722281755
val/loss_log_amount: 1.2057552337646484
val/loss_log_amount-std: 0.0029259352247229683
val/loss_timestamps: 0.6027981162071228
val/loss_timestamps-std: 0.0008295212880967721
val/loss_trx_category: 0.4909277856349945
val/loss_trx_category-std: 0.0025389655806737667
