date: '2025-07-31 13:23:50'
num_seeds: 3
test/downstream: 0.8359333276748657
test/downstream-std: 0.002704735957137855
test/loss: 5.040370464324951
test/loss-std: 0.002077941335513314
test/loss_channel_type: 2.221755676146131e-05
test/loss_channel_type-std: 4.503510208727664e-06
test/loss_currency: 0.07751566171646118
test/loss_currency-std: 0.0010248315872104727
test/loss_labels: 2.584713935852051
test/loss_labels-std: 0.0016822002059481706
test/loss_log_amount: 1.2346770366032918
test/loss_log_amount-std: 0.0008761939782399108
test/loss_timestamps: 0.6172981262207031
test/loss_timestamps-std: 0.00013648428558403773
test/loss_trx_category: 0.5261435310045878
test/loss_trx_category-std: 0.0003066407447353184
val/downstream: 0.8347333470980326
val/downstream-std: 0.0027620427715727962
val/loss: 4.893904844919841
val/loss-std: 0.0012582964554701
val/loss_channel_type: 3.23221738653956e-05
val/loss_channel_type-std: 1.4387901510995952e-05
val/loss_currency: 0.05651450902223587
val/loss_currency-std: 0.0005921360994458619
val/loss_labels: 2.5408151149749756
val/loss_labels-std: 0.0007091455141215068
val/loss_log_amount: 1.2043858766555786
val/loss_log_amount-std: 0.000306946042537112
val/loss_timestamps: 0.6022077600161234
val/loss_timestamps-std: 0.0001131363499799595
val/loss_trx_category: 0.489949107170105
val/loss_trx_category-std: 0.0004884873313587657
