date: '2025-07-30 21:38:44'
num_seeds: 3
test/downstream: 0.8264666597048441
test/downstream-std: 0.002439053031787823
