date: '2025-07-30 17:48:01'
num_seeds: 3
test/accuracy-target_flag: 0.7453333338101705
test/accuracy-target_flag-std: 0.008993837377750835
test/batch-accuracy-target_flag: 0.7453333338101705
test/batch-accuracy-target_flag-std: 0.008993837377750835
test/downstream: 0.8457000056902567
test/downstream-std: 0.008141678572020807
test/loss: 0.5181285540262858
test/loss-std: 0.0029912806962046324
test/loss_target_flag: 0.5181285540262858
test/loss_target_flag-std: 0.0029912806962046324
val/accuracy-target_flag: 0.7177777687708536
val/accuracy-target_flag-std: 0.01401703673444412
val/batch-accuracy-target_flag: 0.7177777687708536
val/batch-accuracy-target_flag-std: 0.01401703673444412
val/downstream: 0.8434333403905233
val/downstream-std: 0.003372777994212039
val/loss: 0.5446168979008993
val/loss-std: 0.005806022103616704
val/loss_target_flag: 0.5446168979008993
val/loss_target_flag-std: 0.005806022103616704
