date: '2025-07-30 17:55:54'
num_seeds: 3
test/accuracy-target_flag: 0.7200000087420145
test/accuracy-target_flag-std: 0.004898989413652188
test/batch-accuracy-target_flag: 0.7200000087420145
test/batch-accuracy-target_flag-std: 0.004898989413652188
test/downstream: 0.837766687075297
test/downstream-std: 0.005593054686986187
test/loss: 0.5295833746592203
test/loss-std: 0.002431857478907028
test/loss_target_flag: 0.5295833746592203
test/loss_target_flag-std: 0.002431857478907028
val/accuracy-target_flag: 0.7229629556337992
val/accuracy-target_flag-std: 0.0078028000898634
val/batch-accuracy-target_flag: 0.7229629556337992
val/batch-accuracy-target_flag-std: 0.0078028000898634
val/downstream: 0.8401000102361044
val/downstream-std: 0.0042551948991070765
val/loss: 0.5427162647247314
val/loss-std: 0.004185704587992824
val/loss_target_flag: 0.5427162647247314
val/loss_target_flag-std: 0.004185704587992824
