date: '2025-07-31 13:21:12'
num_seeds: 3
test/downstream: 0.8273999889691671
test/downstream-std: 0.001699020604820765
test/loss: 5.052530924479167
test/loss-std: 0.011724307755155828
test/loss_channel_type: 8.77738918158381e-05
test/loss_channel_type-std: 4.4771189186573094e-05
test/loss_currency: 0.07893376797437668
test/loss_currency-std: 0.0012311502676079075
test/loss_labels: 2.5902137756347656
test/loss_labels-std: 0.008269761803225525
test/loss_log_amount: 1.2369836966196697
test/loss_log_amount-std: 0.000779128487302937
test/loss_timestamps: 0.6181289156277975
test/loss_timestamps-std: 0.0007372470865268815
test/loss_trx_category: 0.5281830430030823
test/loss_trx_category-std: 0.0015715941598565739
val/downstream: 0.8306000034014384
val/downstream-std: 0.002717851736848333
val/loss: 4.905096213022868
val/loss-std: 0.01218860656539996
val/loss_channel_type: 8.660686580697075e-05
val/loss_channel_type-std: 3.295609824629809e-05
val/loss_currency: 0.057520770778258644
val/loss_currency-std: 0.001130480871452036
val/loss_labels: 2.546111504236857
val/loss_labels-std: 0.008234763852111722
val/loss_log_amount: 1.205905596415202
val/loss_log_amount-std: 0.0011115879696138263
val/loss_timestamps: 0.6031131545702616
val/loss_timestamps-std: 0.0008687706214154284
val/loss_trx_category: 0.49235817790031433
val/loss_trx_category-std: 0.0010516484692109297
