date: '2025-08-01 08:27:43'
num_seeds: 3
test/downstream: 0.8294000029563904
test/downstream-std: 0.006435851178923298
test/loss: 5.0572889645894366
test/loss-std: 0.006509810995542762
test/loss_channel_type: 7.984544269371933e-05
test/loss_channel_type-std: 4.340992382358338e-05
test/loss_currency: 0.07950611412525177
test/loss_currency-std: 0.000926412274918782
test/loss_labels: 2.5932695070902505
test/loss_labels-std: 0.00408395906082996
test/loss_log_amount: 1.237889329592387
test/loss_log_amount-std: 0.0008197351556048485
test/loss_timestamps: 0.6184147795041403
test/loss_timestamps-std: 0.00024189873395577996
test/loss_trx_category: 0.5281292398770651
test/loss_trx_category-std: 0.0006409658898533851
val/downstream: 0.8316666682561239
val/downstream-std: 0.002124994698380329
val/loss: 4.909746964772542
val/loss-std: 0.005238794050440488
val/loss_channel_type: 8.584488750784658e-05
val/loss_channel_type-std: 4.204605444047479e-05
val/loss_currency: 0.057794845352570214
val/loss_currency-std: 0.000206696451251359
val/loss_labels: 2.5493343671162925
val/loss_labels-std: 0.00301603103845713
val/loss_log_amount: 1.2069117228190105
val/loss_log_amount-std: 0.0010113938239263136
val/loss_timestamps: 0.6035017371177673
val/loss_timestamps-std: 0.0007227510040271817
val/loss_trx_category: 0.4921185374259949
val/loss_trx_category-std: 0.0005431990324686017
