date: '2025-07-31 22:47:41'
num_seeds: 5
test/accuracy-target_flag: 0.748800003528595
test/accuracy-target_flag-std: 0.007547174296337867
test/batch-accuracy-target_flag: 0.748800003528595
test/batch-accuracy-target_flag-std: 0.007547174296337867
test/downstream: 0.8269199967384339
test/downstream-std: 0.008116015223752642
test/loss: 0.5600563406944274
test/loss-std: 0.02945630776850293
test/loss_target_flag: 0.5600563406944274
test/loss_target_flag-std: 0.02945630776850293
val/accuracy-target_flag: 0.7456888914108276
val/accuracy-target_flag-std: 0.003806698695141303
val/batch-accuracy-target_flag: 0.7456888914108276
val/batch-accuracy-target_flag-std: 0.003806698695141303
val/downstream: 0.8334400057792664
val/downstream-std: 0.004105417606255001
val/loss: 0.5724989295005798
val/loss-std: 0.03614071246276838
val/loss_target_flag: 0.5724989295005798
val/loss_target_flag-std: 0.03614071246276838
