date: '2025-07-30 21:37:52'
num_seeds: 3
test/downstream: 0.8266333341598511
test/downstream-std: 0.005850560340623518
