date: '2025-07-24 13:02:58'
num_seeds: 5
test/downstream: 0.821999990940094
test/downstream-std: 0.006782339333799622
test/loss: 5.048192119598388
test/loss-std: 0.007115807609554309
test/loss_channel_type: 3.009973843290936e-05
test/loss_channel_type-std: 1.0880140856731275e-05
test/loss_currency: 0.07829914838075638
test/loss_currency-std: 0.0010551996324120808
test/loss_labels: 2.588511610031128
test/loss_labels-std: 0.00518513371230568
test/loss_log_amount: 1.2361093282699585
test/loss_log_amount-std: 0.0011063383817138317
test/loss_timestamps: 0.6178950905799866
test/loss_timestamps-std: 0.0006385259251469167
test/loss_trx_category: 0.5273468375205994
test/loss_trx_category-std: 0.0010933087731904356
val/downstream: 0.8263999819755554
val/downstream-std: 0.0019595884654271803
val/loss: 4.900623416900634
val/loss-std: 0.009189935041332503
val/loss_channel_type: 4.073445234098472e-05
val/loss_channel_type-std: 9.141158164688203e-06
val/loss_currency: 0.056984996795654295
val/loss_currency-std: 0.0007267918157348791
val/loss_labels: 2.5443295001983643
val/loss_labels-std: 0.006061049906516738
val/loss_log_amount: 1.2054816722869872
val/loss_log_amount-std: 0.0009908201404310439
val/loss_timestamps: 0.6029057502746582
val/loss_timestamps-std: 0.0005609392644798884
val/loss_trx_category: 0.49088058471679685
val/loss_trx_category-std: 0.0011453379394815015
