date: '2025-07-24 18:33:54'
num_seeds: 3
test/downstream: 0.8286666671435038
test/downstream-std: 0.004109604771477557
test/loss: 5.0472002029418945
test/loss-std: 0.01290556001601919
test/loss_channel_type: 6.999813740549143e-05
test/loss_channel_type-std: 5.315203465269705e-05
test/loss_currency: 0.07841433833042781
test/loss_currency-std: 0.001626085106061554
test/loss_labels: 2.58801261583964
test/loss_labels-std: 0.007171108751062291
test/loss_log_amount: 1.2358721494674683
test/loss_log_amount-std: 0.0026666939355674555
test/loss_timestamps: 0.6178749203681946
test/loss_timestamps-std: 0.000739169993687312
test/loss_trx_category: 0.5269561409950256
test/loss_trx_category-std: 0.000797646118437004
val/downstream: 0.827999989191691
val/downstream-std: 0.0021602466787431
val/loss: 4.90321159362793
val/loss-std: 0.01444535112082906
val/loss_channel_type: 7.761427332297899e-05
val/loss_channel_type-std: 5.863895619171688e-05
val/loss_currency: 0.05759499594569206
val/loss_currency-std: 0.0012101496249742032
val/loss_labels: 2.5455422401428223
val/loss_labels-std: 0.009291291635817097
val/loss_log_amount: 1.2053516705830891
val/loss_log_amount-std: 0.0017708953180260222
val/loss_timestamps: 0.6027999321619669
val/loss_timestamps-std: 0.0009378813770853961
val/loss_trx_category: 0.49184521039326984
val/loss_trx_category-std: 0.0012318654249750607
