date: '2025-07-31 13:24:46'
num_seeds: 3
test/downstream: 0.8303999900817871
test/downstream-std: 0.007567030707473748
test/loss: 5.047332922617595
test/loss-std: 0.0010675012956602857
test/loss_channel_type: 2.6659186914912425e-05
test/loss_channel_type-std: 4.784355433201414e-06
test/loss_currency: 0.07794345666964848
test/loss_currency-std: 0.0006359332162032982
test/loss_labels: 2.588480552037557
test/loss_labels-std: 0.0016111935302531672
test/loss_log_amount: 1.2360331217447917
test/loss_log_amount-std: 0.0016987740788536848
test/loss_timestamps: 0.6174217859903971
test/loss_timestamps-std: 0.0005353489475582842
test/loss_trx_category: 0.5274277726809183
test/loss_trx_category-std: 0.0006768590897700261
val/downstream: 0.830133338769277
val/downstream-std: 0.0024074092531330355
val/loss: 4.898055712381999
val/loss-std: 0.0017377806854781204
val/loss_channel_type: 3.634836260365167e-05
val/loss_channel_type-std: 7.5116663903348676e-06
val/loss_currency: 0.056975832829872765
val/loss_currency-std: 0.0004636441069345436
val/loss_labels: 2.5431516965230307
val/loss_labels-std: 0.0014773829640198242
val/loss_log_amount: 1.2049893538157146
val/loss_log_amount-std: 0.00045201341907761974
val/loss_timestamps: 0.6021547714869181
val/loss_timestamps-std: 0.00012721446887492785
val/loss_trx_category: 0.49074801802635193
val/loss_trx_category-std: 0.00024833580158373263
