date: '2025-07-31 13:26:19'
num_seeds: 3
test/downstream: 0.8331666588783264
test/downstream-std: 0.007436983856202462
test/loss: 5.0432790120442705
test/loss-std: 0.0025575401007829454
test/loss_channel_type: 2.844561640813481e-05
test/loss_channel_type-std: 1.0138375241661118e-05
test/loss_currency: 0.07776540517807007
test/loss_currency-std: 0.0006791703651375445
test/loss_labels: 2.586135466893514
test/loss_labels-std: 0.0017039863786858477
test/loss_log_amount: 1.2356138229370117
test/loss_log_amount-std: 0.0009306334648170339
test/loss_timestamps: 0.6172374288241068
test/loss_timestamps-std: 0.0003908344759310555
test/loss_trx_category: 0.5264984567960104
test/loss_trx_category-std: 0.00013742561762769684
val/downstream: 0.8343000014623007
val/downstream-std: 0.001710757796442763
val/loss: 4.8961256345113116
val/loss-std: 0.00027953297032819467
val/loss_channel_type: 3.3634704474631384e-05
val/loss_channel_type-std: 9.94931848927e-06
val/loss_currency: 0.057081962625185646
val/loss_currency-std: 0.00022617966539678755
val/loss_labels: 2.541919549306234
val/loss_labels-std: 0.0005141317535700327
val/loss_log_amount: 1.204556902249654
val/loss_log_amount-std: 0.00033521088860258963
val/loss_timestamps: 0.6020987828572592
val/loss_timestamps-std: 0.00022900477027158083
val/loss_trx_category: 0.49043480555216473
val/loss_trx_category-std: 0.00031551669058479373
