date: '2025-07-30 17:52:55'
num_seeds: 3
test/downstream: 0.8350666562716166
test/downstream-std: 0.003077153934826642
test/loss: 5.0412373542785645
test/loss-std: 0.002103636538293321
test/loss_channel_type: 2.2211710529518314e-05
test/loss_channel_type-std: 4.501968525579056e-06
test/loss_currency: 0.07751492907603581
test/loss_currency-std: 0.0010249562669541906
test/loss_labels: 2.584941784540812
test/loss_labels-std: 0.0017178439365455776
test/loss_log_amount: 1.2346889575322468
test/loss_log_amount-std: 0.0008664921501474842
test/loss_timestamps: 0.6179305911064148
test/loss_timestamps-std: 0.0001438534197445052
test/loss_trx_category: 0.5261388421058655
test/loss_trx_category-std: 0.0003112578786102791
val/downstream: 0.8345666726430258
val/downstream-std: 0.0016819241256144232
val/loss: 4.894215265909831
val/loss-std: 0.001270000746375884
val/loss_channel_type: 3.2327749674247265e-05
val/loss_channel_type-std: 1.4360075542832062e-05
val/loss_currency: 0.056517271945873894
val/loss_currency-std: 0.0005897317147134808
val/loss_labels: 2.5408823490142822
val/loss_labels-std: 0.0007208798020674576
val/loss_log_amount: 1.2043861548105876
val/loss_log_amount-std: 0.00030615350589016123
val/loss_timestamps: 0.6024480064709982
val/loss_timestamps-std: 0.0001051611797100404
val/loss_trx_category: 0.48994943499565125
val/loss_trx_category-std: 0.00048628775370419033
