date: '2025-07-30 17:44:35'
num_seeds: 3
test/accuracy-target_flag: 0.737333337465922
test/accuracy-target_flag-std: 0.004988886625945815
test/batch-accuracy-target_flag: 0.7373333772023519
test/batch-accuracy-target_flag-std: 0.004988860075935316
test/downstream: 0.8439000050226847
test/downstream-std: 0.004456450510534865
test/loss: 0.5241348743438721
test/loss-std: 0.002716490909575055
test/loss_target_flag: 0.5241348743438721
test/loss_target_flag-std: 0.002716490909575055
val/accuracy-target_flag: 0.71318519115448
val/accuracy-target_flag-std: 0.008404080497479597
val/batch-accuracy-target_flag: 0.71318519115448
val/batch-accuracy-target_flag-std: 0.008404080497479597
val/downstream: 0.8414000074068705
val/downstream-std: 0.0011431145633798415
val/loss: 0.54608154296875
val/loss-std: 0.000823000185980471
val/loss_target_flag: 0.54608154296875
val/loss_target_flag-std: 0.000823000185980471
