date: '2025-07-30 21:36:20'
num_seeds: 3
test/accuracy-target_flag: 0.0
test/accuracy-target_flag-std: 0.0
test/downstream: 0.8407333493232727
test/downstream-std: 0.013611846374211992
