date: '2025-07-31 12:33:02'
num_seeds: 3
test/accuracy-target_flag: 0.7453333338101705
test/accuracy-target_flag-std: 0.008993837377750835
test/batch-accuracy-target_flag: 0.7453333338101705
test/batch-accuracy-target_flag-std: 0.008993837377750835
test/downstream: 0.8461666504542033
test/downstream-std: 0.007445960759655069
test/loss: 0.5180978576342264
test/loss-std: 0.002968054752330134
test/loss_target_flag: 0.5180978576342264
test/loss_target_flag-std: 0.002968054752330134
val/accuracy-target_flag: 0.7179259260495504
val/accuracy-target_flag-std: 0.013819913728639895
val/batch-accuracy-target_flag: 0.7179259260495504
val/batch-accuracy-target_flag-std: 0.013819913728639895
val/downstream: 0.8431333303451538
val/downstream-std: 0.0030378923722194653
val/loss: 0.5446381568908691
val/loss-std: 0.005838522921018972
val/loss_target_flag: 0.5446381568908691
val/loss_target_flag-std: 0.005838522921018972
