date: '2025-07-31 13:25:02'
num_seeds: 3
test/downstream: 0.8341999848683676
test/downstream-std: 0.005028603108786459
test/loss: 5.041840076446533
test/loss-std: 0.005304202976897516
test/loss_channel_type: 3.885247921668148e-05
test/loss_channel_type-std: 1.37638220986267e-05
test/loss_currency: 0.07820224513610204
test/loss_currency-std: 0.0007429941871750458
test/loss_labels: 2.5838704109191895
test/loss_labels-std: 0.0026693942995271074
test/loss_log_amount: 1.235466440518697
test/loss_log_amount-std: 0.0013764462726390282
test/loss_timestamps: 0.6173509160677592
test/loss_timestamps-std: 0.0004143439430868738
test/loss_trx_category: 0.52691117922465
test/loss_trx_category-std: 0.0008678915741389253
val/downstream: 0.8344999949137369
val/downstream-std: 0.003269053164182997
val/loss: 4.895551681518555
val/loss-std: 0.0040478404064160384
val/loss_channel_type: 4.1174985502342075e-05
val/loss_channel_type-std: 1.3052377615211586e-05
val/loss_currency: 0.05693318694829941
val/loss_currency-std: 0.000144846783309788
val/loss_labels: 2.540025313695272
val/loss_labels-std: 0.0024955425426694787
val/loss_log_amount: 1.2053135236104329
val/loss_log_amount-std: 0.0006337708285820747
val/loss_timestamps: 0.6023772358894348
val/loss_timestamps-std: 0.000533761620717378
val/loss_trx_category: 0.4908612569173177
val/loss_trx_category-std: 0.0005694602938648888
