date: '2025-07-31 12:35:08'
num_seeds: 3
test/accuracy-target_flag: 0.731333335240682
test/accuracy-target_flag-std: 0.02390723943165959
test/batch-accuracy-target_flag: 0.731333335240682
test/batch-accuracy-target_flag-std: 0.02390723943165959
test/downstream: 0.839033325513204
test/downstream-std: 0.005049966180863771
test/loss: 0.5335039099057516
test/loss-std: 0.004709644985304824
test/loss_target_flag: 0.5335039099057516
test/loss_target_flag-std: 0.004709644985304824
val/accuracy-target_flag: 0.7105185389518738
val/accuracy-target_flag-std: 0.009132464000638019
val/batch-accuracy-target_flag: 0.7105185389518738
val/batch-accuracy-target_flag-std: 0.009132464000638019
val/downstream: 0.8421000043551127
val/downstream-std: 0.0029131916802018942
val/loss: 0.5510864853858948
val/loss-std: 0.004270215229035751
val/loss_target_flag: 0.5510864853858948
val/loss_target_flag-std: 0.004270215229035751
