date: '2025-07-30 21:35:46'
num_seeds: 3
test/downstream: 0.8333666721979777
test/downstream-std: 0.007700351031418625
