date: '2025-01-15 13:53:30'
test/downstream: 0.597
test/downstream-std: 0.004
test/loss: 2.4695041179656982
test/loss_labels: 1.9373440742492676
test/loss_timedeltas: 0.5321596264839172
val/downstream: 0.593
val/downstream-std: 0.008
val/loss: 2.453746795654297
val/loss_labels: 1.9252574443817139
val/loss_timedeltas: 0.5284891128540039
