date: '2025-01-10 23:48:33'
test/downstream: 0.558
test/downstream-std: 0.003
test/loss: 2.5341317653656006
test/loss_labels: 1.9988517761230469
test/loss_timestamps: 0.5352799296379089
val/downstream: 0.562
val/downstream-std: 0.006
val/loss: 2.5121846199035645
val/loss_labels: 1.9778056144714355
val/loss_timestamps: 0.5343794226646423
