date: '2025-01-14 10:36:53'
test/downstream: 0.569
test/downstream-std: 0.003
test/loss: 2.4683215618133545
test/loss_labels: 1.9380582571029663
test/loss_timedeltas: 0.5302637219429016
val/downstream: 0.573
val/downstream-std: 0.006
val/loss: 2.452937126159668
val/loss_labels: 1.9220257997512817
val/loss_timedeltas: 0.5309115648269653
