date: '2025-01-10 10:05:30'
test/downstream: 0.586
test/downstream-std: 0.005
test/loss: 2.7209224700927734
test/loss_labels: 2.1630237102508545
test/loss_timestamps: 0.5578991174697876
val/downstream: 0.589
val/downstream-std: 0.011
val/loss: 2.699115037918091
val/loss_labels: 2.1422321796417236
val/loss_timestamps: 0.5568828582763672
