date: '2025-01-14 11:21:14'
test/downstream: 0.61
test/downstream-std: 0.002
test/loss: 2.827328681945801
test/loss_labels: 2.261352300643921
test/loss_timestamps: 0.5659757852554321
val/downstream: 0.608
val/downstream-std: 0.007
val/loss: 2.8075356483459473
val/loss_labels: 2.243382453918457
val/loss_timestamps: 0.5641534328460693
