date: '2025-08-01 15:39:01'
num_seeds: 5
test/accuracy-target: 0.6107333302497864
test/accuracy-target-std: 0.00856453582150425
test/batch-accuracy-target: 0.6107333302497864
test/batch-accuracy-target-std: 0.00856453582150425
test/downstream: 0.6270799994468689
test/downstream-std: 0.0045643823525621015
test/loss: 0.8762362241744995
test/loss-std: 0.013832481757058021
test/loss_target: 0.8762362241744995
test/loss_target-std: 0.013832481757058021
val/accuracy-target: 0.620118522644043
val/accuracy-target-std: 0.005429901167259214
val/batch-accuracy-target: 0.620118522644043
val/batch-accuracy-target-std: 0.005429901167259214
val/downstream: 0.627999997138977
val/downstream-std: 0.006043187358455689
val/loss: 0.8631684899330139
val/loss-std: 0.00864973633238866
val/loss_target: 0.8631684899330139
val/loss_target-std: 0.00864973633238866
