date: '2025-08-01 17:56:34'
num_seeds: 5
test/accuracy-target: 0.0
test/accuracy-target-std: 0.0
test/downstream: 0.6408599972724914
test/downstream-std: 0.0031283198969406564
