date: '2025-08-01 15:23:17'
num_seeds: 5
test/downstream: 0.6005399942398071
test/downstream-std: 0.0029000630979729657
test/loss: 3.674211025238037
test/loss-std: 0.041752526229832575
test/loss_labels: 2.279680109024048
test/loss_labels-std: 0.037553011084489905
test/loss_log_amount: 0.8267597675323486
test/loss_log_amount-std: 0.0026529722546776045
test/loss_timestamps: 0.5677711725234985
test/loss_timestamps-std: 0.0015548349370501523
val/downstream: 0.6076200008392334
val/downstream-std: 0.002203095894857826
val/loss: 3.666812705993652
val/loss-std: 0.04121263731314185
val/loss_labels: 2.2727323532104493
val/loss_labels-std: 0.0370275376916797
val/loss_log_amount: 0.8265900254249573
val/loss_log_amount-std: 0.002628639373295513
val/loss_timestamps: 0.5674901604652405
val/loss_timestamps-std: 0.0015624529632273702
