date: '2025-08-01 17:33:55'
num_seeds: 5
test/downstream: 0.5616199970245361
test/downstream-std: 0.005093686861428041
