date: '2025-07-31 17:14:11'
num_seeds: 5
test/downstream: 0.6009600043296814
test/downstream-std: 0.003917453084472311
test/loss: 3.6169023513793945
test/loss-std: 0.006637180004310052
test/loss_labels: 2.2347193717956544
test/loss_labels-std: 0.005129702185734962
test/loss_log_amount: 0.818038809299469
test/loss_log_amount-std: 0.0009069335442792205
test/loss_timestamps: 0.5641442775726319
test/loss_timestamps-std: 0.0006121499159164139
val/downstream: 0.5983999967575073
val/downstream-std: 0.002471439353498945
val/loss: 3.6093451499938967
val/loss-std: 0.0066912785655914514
val/loss_labels: 2.2276004791259765
val/loss_labels-std: 0.005175929132686829
val/loss_log_amount: 0.817812705039978
val/loss_log_amount-std: 0.0009257643597061154
val/loss_timestamps: 0.5639323830604553
val/loss_timestamps-std: 0.0006032545227673316
