date: '2025-06-27 23:47:58'
num_seeds: 5
test/downstream: 0.6242000102996826
test/downstream-std: 0.0033105824574300533
test/loss: 72.23832092285156
test/loss-std: 0.2746786130484971
test/loss_coles: 72.23832092285156
test/loss_coles-std: 0.2746786130484971
val/downstream: 0.6269999980926514
val/downstream-std: 0.003162282183878809
val/loss: 72.91192169189453
val/loss-std: 0.28287993264053907
val/loss_coles: 72.91192169189453
val/loss_coles-std: 0.28287993264053907
