date: '2025-07-02 20:32:51'
num_seeds: 5
test/accuracy-target: 0.6210000038146972
test/accuracy-target-std: 0.015997221529310206
test/batch-accuracy-target: 0.6210000038146972
test/batch-accuracy-target-std: 0.015997221529310206
test/downstream: 0.6326000094413757
test/downstream-std: 0.00578272773291462
test/loss: 1.0123197913169861
test/loss-std: 0.01846629061336363
test/loss_target: 1.0123197913169861
test/loss_target-std: 0.01846629061336363
val/accuracy-target: 0.6252148151397705
val/accuracy-target-std: 0.018485521380044757
val/batch-accuracy-target: 0.6252148151397705
val/batch-accuracy-target-std: 0.018485521380044757
val/downstream: 0.6276000022888184
val/downstream-std: 0.003261903876480945
val/loss: 1.0041006445884704
val/loss-std: 0.022855406693942718
val/loss_target: 1.0041006445884704
val/loss_target-std: 0.022855406693942718
