date: '2026-01-06 00:35:02'
num_seeds: 5
test/downstream: 0.6248999953269958
test/downstream-std: 0.003277183375705909
test/loss: 81.31629333496093
test/loss-std: 0.1342126637996514
test/loss_coles-coles: 77.91761779785156
test/loss_coles-coles-std: 0.13045974603295404
test/loss_mlm-labels: 2.0842612743377686
test/loss_mlm-labels-std: 0.006711547808224163
test/loss_mlm-log_amount: 0.7609171271324158
test/loss_mlm-log_amount-std: 0.001436067561357388
test/loss_mlm-timedeltas: 0.5534880757331848
test/loss_mlm-timedeltas-std: 0.012278523919839196
val/downstream: 0.6270000100135803
val/downstream-std: 0.002204554023271509
val/loss: 81.42339324951172
val/loss-std: 0.14289223293916548
val/loss_coles-coles: 78.02505340576172
val/loss_coles-coles-std: 0.1379906325973471
val/loss_mlm-labels: 2.0850228786468508
val/loss_mlm-labels-std: 0.006541432439577418
val/loss_mlm-log_amount: 0.7613150596618652
val/loss_mlm-log_amount-std: 0.0012006935878377592
val/loss_mlm-timedeltas: 0.5519961476325989
val/loss_mlm-timedeltas-std: 0.011973583761692065
