date: '2026-02-05 09:55:56'
test/downstream: 0.3790000081062317
test/loss: 6.046363353729248
test/loss_1_batch-accuracy-target: 0.2983333468437195
test/loss_loss_0_labels: 2.878495454788208
test/loss_loss_0_log_amount: 0.9941262006759644
test/loss_loss_0_timestamps: 0.6150103211402893
test/loss_loss_1_target: 1.5587314367294312
val/downstream: 0.3935000002384186
val/loss: 6.008471488952637
val/loss_1_batch-accuracy-target: 0.3235555589199066
val/loss_loss_0_labels: 2.875016212463379
val/loss_loss_0_log_amount: 0.9982510805130005
val/loss_loss_0_timestamps: 0.6150688529014587
val/loss_loss_1_target: 1.5201351642608643
