date: '2025-06-27 12:46:05'
test/downstream: 0.996999979019165
test/loss: 1.4417253732681274
test/loss_labels: 1.1129164695739746
test/loss_timestamps: 0.22265391051769257
test/loss_types: 0.1061558648943901
val/downstream: 0.9959999918937683
val/loss: 1.4417418241500854
val/loss_labels: 1.1129164695739746
val/loss_timestamps: 0.2226698249578476
val/loss_types: 0.1061558648943901
