date: '2025-07-03 18:06:47'
test/downstream: 0.9789999723434448
test/loss: 0.7745476961135864
test/loss_labels: 0.5352283120155334
test/loss_timestamps: 0.2392268180847168
test/loss_types: 9.282097744289786e-05
val/downstream: 0.9789999723434448
val/loss: 0.7745100855827332
val/loss_labels: 0.5352283120155334
val/loss_timestamps: 0.2391899824142456
val/loss_types: 9.282097744289786e-05
